1 12 288 6
425 170
425 170
425 170
425 170
425 170
425 170
425 170
425 170
425 170
425 170
425 170
425 170
777 0
777 0
777 0
777 0
777 0
777 0
777 0
777 0
777 0
777 0
777 0
777 0
0 -14.370000 -20.340000 0 0 0 0
1 12.810000 1.890000 143 10 6 1 63 
2 18.209999 1.370000 359 21 6 1 63 
3 57.950001 -48.779999 40 8 6 1 63 
4 -52.430000 -84.089996 84 23 6 1 63 
5 60.799999 -32.590000 72 10 6 1 63 
6 23.150000 4.210000 129 9 6 1 63 
7 25.389999 22.990000 213 21 6 1 63 
8 25.510000 -52.990002 155 16 6 1 63 
9 -49.259998 -41.720001 323 21 6 1 63 
10 -37.560001 -41.730000 55 3 6 1 63 
11 -14.520000 48.959999 156 24 6 1 63 
12 41.230000 -24.500000 20 2 6 1 63 
13 -21.860001 0.920000 46 4 6 1 63 
14 -48.180000 -16.280001 245 18 6 1 63 
15 -7.780000 44.349998 45 5 6 1 63 
16 20.799999 10.760000 269 13 6 1 63 
17 -29.709999 -46.330002 174 13 6 1 63 
18 -20.200001 -59.560001 184 14 6 1 63 
19 -87.080002 -52.900002 35 10 6 1 63 
20 3.050000 -6.310000 65 3 6 1 63 
21 11.870000 5.260000 16 1 6 1 63 
22 -24.070000 -55.930000 97 11 6 1 63 
23 -22.799999 5.660000 223 16 6 1 63 
24 -51.900002 9.410000 52 6 6 1 63 
25 12.730000 -40.970001 319 18 6 1 63 
26 -30.990000 7.650000 108 11 6 1 63 
27 37.509998 0.460000 147 15 6 1 63 
28 2.950000 -8.560000 224 17 6 1 63 
29 0.550000 3.640000 322 17 6 1 63 
30 -52.480000 9.710000 6 1 6 1 63 
31 33.939999 -48.720001 11 1 6 1 63 
32 -13.130000 -53.599998 234 18 6 1 63 
33 -99.589996 23.299999 4 3 6 1 63 
34 6.440000 -3.520000 276 21 6 1 63 
35 -14.030000 -19.820000 505 22 6 1 63 
36 -24.680000 16.610001 210 14 6 1 63 
37 -10.260000 -81.769997 20 4 6 1 63 
38 35.860001 5.600000 184 17 6 1 63 
39 -11.600000 42.910000 111 16 6 1 63 
40 -34.660000 -15.470000 144 8 6 1 63 
41 66.849998 1.140000 61 14 6 1 63 
42 6.870000 -1.420000 393 23 6 1 63 
43 1.660000 -2.230000 14 1 6 1 63 
44 37.560001 11.450000 268 21 6 1 63 
45 51.669998 -26.340000 117 10 6 1 63 
46 19.030001 -10.890000 314 19 6 1 63 
47 -37.980000 -6.360000 106 6 6 1 63 
48 -56.540001 -42.330002 58 4 6 1 63 
49 1.100000 -14.620000 346 18 6 1 63 
50 -56.240002 -3.080000 300 23 6 1 63 
51 -23.670000 -15.290000 469 25 6 1 63 
52 -34.279999 -1.410000 288 17 6 1 63 
53 -64.180000 63.810001 16 11 6 1 63 
54 -47.080002 -20.389999 227 20 6 1 63 
55 -33.709999 8.380000 104 9 6 1 63 
56 34.290001 26.030001 224 23 6 1 63 
57 -38.860001 42.110001 97 14 6 1 63 
58 -92.730003 44.889999 15 7 6 1 63 
59 23.629999 27.639999 117 15 6 1 63 
60 -67.139999 -67.080002 85 22 6 1 63 
61 25.730000 -25.840000 50 4 6 1 63 
62 -40.990002 -16.900000 162 14 6 1 63 
63 77.010002 -6.100000 55 24 6 1 63 
64 -54.810001 -1.940000 92 13 6 1 63 
65 -53.939999 -29.660000 121 9 6 1 63 
66 16.090000 -27.889999 68 3 6 1 63 
67 -59.439999 36.490002 103 23 6 1 63 
68 34.470001 25.389999 24 2 6 1 63 
69 -9.280000 -6.690000 274 23 6 1 63 
70 -85.559998 -20.480000 44 8 6 1 63 
71 29.520000 18.350000 251 23 6 1 63 
72 27.809999 6.510000 205 13 6 1 63 
73 42.150002 -25.580000 252 25 3 2 21 42 
74 82.199997 85.830002 10 25 3 2 21 42 
75 -47.770000 -35.590000 208 20 3 2 21 42 
76 22.020000 -20.350000 146 9 3 2 21 42 
77 -55.759998 -33.490002 224 15 3 2 21 42 
78 62.009998 -1.450000 30 4 3 2 21 42 
79 25.549999 -3.800000 22 1 3 2 21 42 
80 -43.369999 -7.380000 89 7 3 2 21 42 
81 60.299999 52.639999 22 12 3 2 21 42 
82 -96.160004 34.099998 7 5 3 2 21 42 
83 -32.810001 -3.850000 132 8 3 2 21 42 
84 -47.830002 -45.200001 12 1 3 2 21 42 
85 -31.129999 -93.849998 52 24 3 2 21 42 
86 -17.010000 -21.860001 525 23 3 2 21 42 
87 -8.390000 -2.260000 214 12 3 2 21 42 
88 35.830002 13.150000 23 2 3 2 21 42 
89 29.320000 54.470001 78 22 3 2 21 42 
90 48.349998 -8.780000 24 3 3 2 21 42 
91 -2.930000 27.040001 133 12 3 2 21 42 
92 -16.620001 -55.389999 145 16 3 2 21 42 
93 -40.849998 -47.740002 132 8 3 2 21 42 
94 -12.880000 -2.040000 419 25 3 2 21 42 
95 -51.779999 7.280000 51 6 3 2 21 42 
96 -32.919998 23.830000 217 24 3 2 21 42 
97 13.980000 -34.520000 258 16 3 2 21 42 
98 -35.830002 -23.830000 108 7 3 2 21 42 
99 91.860001 5.540000 17 9 3 2 21 42 
100 -28.440001 -34.180000 273 23 3 2 21 42 
101 33.840000 27.879999 260 24 3 2 21 42 
102 98.430000 31.350000 12 19 3 2 21 42 
103 -57.750000 -27.750000 120 9 3 2 21 42 
104 -43.889999 13.010000 78 10 3 2 21 42 
105 37.590000 49.770000 128 23 3 2 21 42 
106 -3.690000 7.370000 43 2 3 2 21 42 
107 -98.239998 61.660000 6 5 3 2 21 42 
108 -23.559999 -32.520000 597 25 3 2 21 42 
109 22.980000 -18.110001 379 17 3 2 21 42 
110 43.919998 -2.990000 377 23 3 2 21 42 
111 71.510002 11.650000 108 23 3 2 21 42 
112 -43.009998 -38.700001 232 13 3 2 21 42 
113 -83.949997 2.180000 7 2 3 2 21 42 
114 11.090000 -40.939999 320 24 3 2 21 42 
115 27.170000 -13.330000 434 22 3 2 21 42 
116 -86.099998 -59.810001 36 20 3 2 21 42 
117 -22.350000 -78.279999 91 15 3 2 21 42 
118 -38.730000 -33.590000 262 12 3 2 21 42 
119 -1.230000 -28.670000 211 17 3 2 21 42 
120 81.330002 -44.240002 49 21 3 2 21 42 
121 51.900002 19.889999 91 10 3 2 21 42 
122 -34.970001 -27.860001 51 4 3 2 21 42 
123 -51.480000 -23.250000 313 21 3 2 21 42 
124 -0.650000 -46.060001 48 3 3 2 21 42 
125 68.220001 -66.989998 48 17 3 2 21 42 
126 -15.150000 -25.480000 429 19 3 2 21 42 
127 22.410000 -34.380001 160 10 3 2 21 42 
128 36.180000 -10.430000 276 21 3 2 21 42 
129 -23.639999 -47.680000 260 21 3 2 21 42 
130 -14.720000 32.680000 40 6 3 2 21 42 
131 16.820000 -12.720000 128 8 3 2 21 42 
132 93.379997 23.000000 9 8 3 2 21 42 
133 40.340000 -24.180000 222 13 3 2 21 42 
134 5.530000 -4.900000 169 7 3 2 21 42 
135 -78.019997 1.270000 48 11 3 2 21 42 
136 51.570000 -45.669998 156 18 3 2 21 42 
137 49.250000 -30.900000 120 10 3 2 21 42 
138 -62.200001 -21.400000 227 25 3 2 21 42 
139 -5.050000 7.310000 112 7 3 2 21 42 
140 1.730000 -70.220001 129 17 3 2 21 42 
141 1.360000 -3.560000 326 20 3 2 21 42 
142 -15.520000 16.430000 280 18 3 2 21 42 
143 -31.600000 -60.939999 233 21 3 2 21 42 
144 -47.000000 -55.560001 226 14 3 2 21 42 
145 2.300000 5.540000 33 2 2 3 9 18 36 
146 -30.330000 -0.580000 323 18 2 3 9 18 36 
147 -16.820000 17.660000 106 10 2 3 9 18 36 
148 52.660000 29.030001 20 5 2 3 9 18 36 
149 -11.990000 -83.769997 74 15 2 3 9 18 36 
150 41.630001 43.049999 96 17 2 3 9 18 36 
151 8.510000 -2.540000 249 12 2 3 9 18 36 
152 31.510000 -8.980000 210 14 2 3 9 18 36 
153 -3.340000 -36.240002 57 3 2 3 9 18 36 
154 -26.379999 13.780000 76 7 2 3 9 18 36 
155 28.430000 10.570000 404 21 2 3 9 18 36 
156 5.980000 27.290001 88 7 2 3 9 18 36 
157 -32.139999 -45.070000 64 5 2 3 9 18 36 
158 31.100000 -7.920000 420 24 2 3 9 18 36 
159 28.200001 -29.760000 179 13 2 3 9 18 36 
160 -39.610001 -33.590000 279 18 2 3 9 18 36 
161 -19.219999 -5.130000 390 19 2 3 9 18 36 
162 -10.110000 69.980003 77 22 2 3 9 18 36 
163 22.889999 -44.349998 122 13 2 3 9 18 36 
164 -34.740002 0.580000 102 10 2 3 9 18 36 
165 -44.950001 -77.730003 24 4 2 3 9 18 36 
166 -23.750000 -56.009998 158 17 2 3 9 18 36 
167 69.070000 -97.129997 1 2 2 3 9 18 36 
168 12.170000 -59.869999 196 18 2 3 9 18 36 
169 47.340000 17.370001 12 2 2 3 9 18 36 
170 -4.710000 14.060000 326 18 2 3 9 18 36 
171 -52.369999 -50.240002 120 13 2 3 9 18 36 
172 39.220001 -29.770000 304 24 2 3 9 18 36 
173 -42.320000 -60.599998 205 25 2 3 9 18 36 
174 19.139999 41.150002 19 2 2 3 9 18 36 
175 -54.709999 -17.600000 27 2 2 3 9 18 36 
176 11.740000 -83.169998 19 7 2 3 9 18 36 
177 -40.580002 -53.250000 337 23 2 3 9 18 36 
178 -6.420000 21.969999 237 21 2 3 9 18 36 
179 -31.270000 -34.610001 330 18 2 3 9 18 36 
180 -3.670000 -26.870001 322 21 2 3 9 18 36 
181 13.410000 -22.299999 306 23 2 3 9 18 36 
182 -95.889999 -86.320000 12 16 2 3 9 18 36 
183 88.980003 -53.389999 36 22 2 3 9 18 36 
184 -55.049999 -32.540001 161 11 2 3 9 18 36 
185 27.850000 -10.030000 337 22 2 3 9 18 36 
186 40.919998 -36.090000 108 10 2 3 9 18 36 
187 -58.349998 15.810000 75 15 2 3 9 18 36 
188 -52.160000 -74.730003 174 23 2 3 9 18 36 
189 -66.769997 -34.939999 50 7 2 3 9 18 36 
190 -33.369999 -62.020000 12 1 2 3 9 18 36 
191 -8.650000 31.709999 182 21 2 3 9 18 36 
192 -26.170000 -56.150002 135 11 2 3 9 18 36 
193 -39.869999 -53.380001 24 2 2 3 9 18 36 
194 71.639999 -36.980000 127 24 2 3 9 18 36 
195 -96.919998 8.410000 39 25 2 3 9 18 36 
196 -2.910000 36.200001 148 17 2 3 9 18 36 
197 -53.250000 14.100000 79 10 2 3 9 18 36 
198 67.320000 -39.730000 96 18 2 3 9 18 36 
199 -6.530000 11.980000 22 2 2 3 9 18 36 
200 16.430000 33.220001 123 12 2 3 9 18 36 
201 -19.059999 -56.919998 61 4 2 3 9 18 36 
202 25.190001 -21.049999 19 1 2 3 9 18 36 
203 37.849998 -5.520000 13 1 2 3 9 18 36 
204 -16.480000 48.660000 47 6 2 3 9 18 36 
205 2.340000 -16.520000 513 22 2 3 9 18 36 
206 -48.619999 -12.390000 241 25 2 3 9 18 36 
207 -42.619999 -50.009998 312 21 2 3 9 18 36 
208 16.020000 11.170000 215 18 2 3 9 18 36 
209 -80.410004 -60.580002 35 14 2 3 9 18 36 
210 -95.070000 44.290001 21 21 2 3 9 18 36 
211 -6.890000 24.879999 38 4 2 3 9 18 36 
212 -4.800000 21.670000 18 1 2 3 9 18 36 
213 7.040000 -45.340000 200 18 2 3 9 18 36 
214 31.290001 -39.910000 60 4 2 3 9 18 36 
215 14.980000 26.170000 53 4 2 3 9 18 36 
216 33.200001 -52.290001 35 5 2 3 9 18 36 
217 -59.279999 39.669998 62 15 1 6 1 2 4 8 16 32 
218 30.049999 -36.820000 89 5 1 6 1 2 4 8 16 32 
219 9.350000 -39.040001 314 22 1 6 1 2 4 8 16 32 
220 -10.650000 54.430000 104 21 1 6 1 2 4 8 16 32 
221 20.860001 -26.469999 222 17 1 6 1 2 4 8 16 32 
222 19.620001 17.870001 113 8 1 6 1 2 4 8 16 32 
223 -36.980000 -92.949997 8 4 1 6 1 2 4 8 16 32 
224 -3.760000 59.880001 15 4 1 6 1 2 4 8 16 32 
225 11.680000 -63.340000 92 16 1 6 1 2 4 8 16 32 
226 4.470000 -36.130001 58 5 1 6 1 2 4 8 16 32 
227 47.040001 -41.250000 114 15 1 6 1 2 4 8 16 32 
228 29.940001 -58.709999 275 25 1 6 1 2 4 8 16 32 
229 -70.570000 -7.040000 131 15 1 6 1 2 4 8 16 32 
230 56.259998 1.820000 45 7 1 6 1 2 4 8 16 32 
231 46.209999 -53.520000 106 19 1 6 1 2 4 8 16 32 
232 6.370000 -14.260000 182 11 1 6 1 2 4 8 16 32 
233 -34.540001 -39.500000 145 13 1 6 1 2 4 8 16 32 
234 -50.540001 28.360001 111 24 1 6 1 2 4 8 16 32 
235 -61.439999 -10.900000 37 4 1 6 1 2 4 8 16 32 
236 -30.820000 17.900000 110 13 1 6 1 2 4 8 16 32 
237 49.660000 24.469999 53 6 1 6 1 2 4 8 16 32 
238 -69.779999 -41.410000 44 4 1 6 1 2 4 8 16 32 
239 -18.940001 57.689999 35 12 1 6 1 2 4 8 16 32 
240 -22.450001 15.770000 54 4 1 6 1 2 4 8 16 32 
241 -7.600000 37.029999 40 4 1 6 1 2 4 8 16 32 
242 27.440001 17.549999 357 25 1 6 1 2 4 8 16 32 
243 45.529999 -5.130000 232 25 1 6 1 2 4 8 16 32 
244 -33.549999 -25.590000 268 14 1 6 1 2 4 8 16 32 
245 -4.650000 53.750000 151 25 1 6 1 2 4 8 16 32 
246 -41.119999 -13.360000 194 13 1 6 1 2 4 8 16 32 
247 23.010000 -45.700001 181 13 1 6 1 2 4 8 16 32 
248 17.230000 5.100000 153 11 1 6 1 2 4 8 16 32 
249 -6.820000 -19.870001 430 24 1 6 1 2 4 8 16 32 
250 52.970001 51.410000 18 5 1 6 1 2 4 8 16 32 
251 -28.660000 -50.939999 107 12 1 6 1 2 4 8 16 32 
252 69.680000 -51.520000 11 4 1 6 1 2 4 8 16 32 
253 36.880001 -17.370001 64 5 1 6 1 2 4 8 16 32 
254 -19.660000 42.040001 223 24 1 6 1 2 4 8 16 32 
255 72.129997 65.410004 12 17 1 6 1 2 4 8 16 32 
256 -71.370003 59.860001 4 4 1 6 1 2 4 8 16 32 
257 18.320000 -37.750000 11 1 1 6 1 2 4 8 16 32 
258 18.120001 0.480000 285 19 1 6 1 2 4 8 16 32 
259 -1.110000 -30.680000 80 7 1 6 1 2 4 8 16 32 
260 -44.570000 -44.060001 360 24 1 6 1 2 4 8 16 32 
261 -28.059999 -59.439999 85 10 1 6 1 2 4 8 16 32 
262 -7.950000 4.640000 203 13 1 6 1 2 4 8 16 32 
263 -37.369999 -28.530001 547 24 1 6 1 2 4 8 16 32 
264 4.390000 -38.490002 47 3 1 6 1 2 4 8 16 32 
265 -44.590000 -35.330002 222 14 1 6 1 2 4 8 16 32 
266 -56.709999 -39.250000 18 2 1 6 1 2 4 8 16 32 
267 13.450000 -32.160000 382 24 1 6 1 2 4 8 16 32 
268 -20.340000 -11.180000 176 11 1 6 1 2 4 8 16 32 
269 3.440000 -52.730000 52 5 1 6 1 2 4 8 16 32 
270 40.580002 -54.490002 136 14 1 6 1 2 4 8 16 32 
271 31.950001 -25.420000 348 21 1 6 1 2 4 8 16 32 
272 -57.430000 38.529999 34 14 1 6 1 2 4 8 16 32 
273 47.509998 -42.040001 106 15 1 6 1 2 4 8 16 32 
274 -28.139999 -41.610001 54 3 1 6 1 2 4 8 16 32 
275 -2.260000 -5.080000 327 15 1 6 1 2 4 8 16 32 
276 -27.170000 -27.940001 346 15 1 6 1 2 4 8 16 32 
277 -24.049999 -47.189999 351 21 1 6 1 2 4 8 16 32 
278 -77.519997 -55.080002 61 17 1 6 1 2 4 8 16 32 
279 -62.040001 -43.439999 241 18 1 6 1 2 4 8 16 32 
280 -71.940002 -20.160000 85 15 1 6 1 2 4 8 16 32 
281 -66.500000 -39.790001 143 19 1 6 1 2 4 8 16 32 
282 14.590000 48.439999 61 9 1 6 1 2 4 8 16 32 
283 31.370001 -29.459999 141 10 1 6 1 2 4 8 16 32 
284 6.510000 -46.119999 160 13 1 6 1 2 4 8 16 32 
285 9.650000 39.509998 221 25 1 6 1 2 4 8 16 32 
286 16.040001 16.680000 15 1 1 6 1 2 4 8 16 32 
287 7.750000 -75.379997 59 11 1 6 1 2 4 8 16 32 
