1 9 417 7 718 2000
  0	 330.37	 850.34	  0    0   0   0		  1	 347.70	 866.17	 94  250   2   7		9 17 18 34 36 68 72 
  2	 348.17	 876.69	 39  150   2   7		9 17 18 34 36 68 72 
  3	 336.67	 858.33	186  300   2   7		9 17 18 34 36 68 72 
  4	 323.90	 870.08	 57  224   2   7		9 17 18 34 36 68 72 
  5	 332.33	 875.95	 61  210   2   7		9 17 18 34 36 68 72 
  6	 338.40	 872.79	 85  250   2   7		9 17 18 34 36 68 72 
  7	 305.23	 879.03	 36  220   2   7		9 17 18 34 36 68 72 
  8	 341.82	 867.99	108  300   2   7		9 17 18 34 36 68 72 
  9	 318.26	 866.27	 51  180   2   7		9 17 18 34 36 68 72 
 10	 329.90	 858.65	 81  190   2   7		9 17 18 34 36 68 72 
 11	 318.79	 851.51	 46  160   2   7		9 17 18 34 36 68 72 
 12	 335.42	 865.29	112  270   2   7		9 17 18 34 36 68 72 
 13	 340.09	 860.66	108  210   2   7		9 17 18 34 36 68 72 
 14	 337.59	 870.54	 98  255   2   7		9 17 18 34 36 68 72 
 15	 335.11	 868.13	 88  228   2   7		9 17 18 34 36 68 72 
 16	 333.73	 866.09	 89  220   2   7		9 17 18 34 36 68 72 
 17	 310.00	 872.58	 32  165   2   7		9 17 18 34 36 68 72 
 18	 344.46	 857.15	122  215   2   7		9 17 18 34 36 68 72 
 19	 312.81	 862.56	 42  155   2   7		9 17 18 34 36 68 72 
 20	 335.63	 868.14	 77  200   2   7		9 17 18 34 36 68 72 
 21	 344.42	 869.42	 76  210   2   7		9 17 18 34 36 68 72 
 22	 343.22	 865.01	 96  220   2   7		9 17 18 34 36 68 72 
 23	 348.06	 869.73	 81  280   2   7		9 17 18 34 36 68 72 
 24	 314.31	 869.26	 51  190   2   7		9 17 18 34 36 68 72 
 25	 335.46	 867.57	 93  240   2   7		9 17 18 34 36 68 72 
 26	 331.48	 853.64	160  265   2   7		9 17 18 34 36 68 72 
 27	 341.71	 861.55	105  230   2   7		9 17 18 34 36 68 72 
 28	 344.83	 858.59	131  255   2   7		9 17 18 34 36 68 72 
 29	 331.99	 875.32	 63  225   2   7		9 17 18 34 36 68 72 
 30	 339.53	 860.20	 92  170   2   7		9 17 18 34 36 68 72 
 31	 348.06	 869.73	 48  165   2   7		9 17 18 34 36 68 72 
 32	 347.30	 877.01	 54  200   2   7		9 17 18 34 36 68 72 
 33	 345.54	 869.81	 61  175   2   7		9 17 18 34 36 68 72 
 34	 328.46	 866.38	 62  190   2   7		9 17 18 34 36 68 72 
 35	 304.10	 872.87	 28  160   2   7		9 17 18 34 36 68 72 
 36	 304.26	 872.24	 42  220   2   7		9 17 18 34 36 68 72 
 37	 344.80	 853.47	106  180   2   7		9 17 18 34 36 68 72 
 38	 347.06	 853.66	131  240   2   7		9 17 18 34 36 68 72 
 39	 347.69	 849.67	 70  133   2   7		9 17 18 34 36 68 72 
 40	 342.49	 887.19	 32  215   2   7		9 17 18 34 36 68 72 
 41	 312.45	 854.26	 53  200   1   7		1 2 4 8 16 32 64 
 42	 324.70	 850.13	125  250   1   7		1 2 4 8 16 32 64 
 43	 346.78	 865.68	116  300   1   7		1 2 4 8 16 32 64 
 44	 348.17	 876.69	 47  180   1   7		1 2 4 8 16 32 64 
 45	 347.25	 865.78	123  320   1   7		1 2 4 8 16 32 64 
 46	 347.15	 866.27	 96  250   1   7		1 2 4 8 16 32 64 
 47	 347.25	 865.78	 96  250   1   7		1 2 4 8 16 32 64 
 48	 347.15	 866.27	 88  230   1   7		1 2 4 8 16 32 64 
 49	 347.25	 865.78	157  410   1   7		1 2 4 8 16 32 64 
 50	 348.17	 876.69	 54  205   1   7		1 2 4 8 16 32 64 
 51	 336.69	 858.38	212  340   1   7		1 2 4 8 16 32 64 
 52	 331.99	 875.32	 92  325   1   7		1 2 4 8 16 32 64 
 53	 323.30	 862.71	 79  215   1   7		1 2 4 8 16 32 64 
 54	 323.91	 862.50	 71  195   1   7		1 2 4 8 16 32 64 
 55	 347.54	 876.75	 75  275   1   7		1 2 4 8 16 32 64 
 56	 326.08	 854.50	125  280   1   7		1 2 4 8 16 32 64 
 57	 331.99	 875.32	 93  330   1   7		1 2 4 8 16 32 64 
 58	 318.06	 859.41	 72  250   1   7		1 2 4 8 16 32 64 
 59	 313.92	 856.82	 95  345   1   7		1 2 4 8 16 32 64 
 60	 324.64	 864.58	116  315   1   7		1 2 4 8 16 32 64 
 61	 323.61	 863.37	117  330   1   7		1 2 4 8 16 32 64 
 62	 323.91	 862.50	129  350   1   7		1 2 4 8 16 32 64 
 63	 323.71	 863.02	108  300   1   7		1 2 4 8 16 32 64 
 64	 342.62	 862.05	155  340   1   7		1 2 4 8 16 32 64 
 65	 313.09	 858.09	 87  327   1   7		1 2 4 8 16 32 64 
 66	 312.45	 854.26	 79  295   1   7		1 2 4 8 16 32 64 
 67	 328.41	 851.70	198  350   1   7		1 2 4 8 16 32 64 
 68	 306.98	 881.66	 49  290   1   7		1 2 4 8 16 32 64 
 69	 306.67	 881.00	 43  245   1   7		1 2 4 8 16 32 64 
 70	 306.12	 882.06	 49  290   1   7		1 2 4 8 16 32 64 
 71	 338.16	 857.60	168  245   1   7		1 2 4 8 16 32 64 
 72	 308.94	 877.77	 52  271   1   7		1 2 4 8 16 32 64 
 73	 312.83	 864.52	 48  175   1   7		1 2 4 8 16 32 64 
 74	 345.05	 877.29	 79  290   1   7		1 2 4 8 16 32 64 
 75	 310.90	 870.66	 68  280   1   7		1 2 4 8 16 32 64 
 76	 304.05	 876.82	 45  255   1   7		1 2 4 8 16 32 64 
 77	 334.30	 861.01	124  250   1   7		1 2 4 8 16 32 64 
 78	 313.09	 857.13	 97  360   1   7		1 2 4 8 16 32 64 
 79	 325.20	 862.03	102  270   1   7		1 2 4 8 16 32 64 
 80	 343.44	 863.11	 94  215   1   7		1 2 4 8 16 32 64 
 81	 336.55	 868.09	118  300   1   7		1 2 4 8 16 32 64 
 82	 346.89	 866.91	111  290   1   7		1 2 4 8 16 32 64 
 83	 325.11	 878.49	 39  195   1   7		1 2 4 8 16 32 64 
 84	 332.75	 863.54	146  331   1   7		1 2 4 8 16 32 64 
 85	 334.44	 869.74	 97  250   1   7		1 2 4 8 16 32 64 
 86	 334.65	 869.12	123  315   1   7		1 2 4 8 16 32 64 
 87	 324.09	 862.78	140  380   1   7		1 2 4 8 16 32 64 
 88	 336.21	 866.17	148  355   1   7		1 2 4 8 16 32 64 
 89	 315.28	 878.83	 65  345   1   7		1 2 4 8 16 32 64 
 90	 332.01	 867.88	104  280   1   7		1 2 4 8 16 32 64 
 91	 345.54	 869.81	118  335   1   7		1 2 4 8 16 32 64 
 92	 325.19	 858.87	129  330   1   7		1 2 4 8 16 32 64 
 93	 329.42	 871.33	 82  282   1   7		1 2 4 8 16 32 64 
 94	 319.19	 877.42	 66  310   1   7		1 2 4 8 16 32 64 
 95	 306.74	 878.92	 38  215   1   7		1 2 4 8 16 32 64 
 96	 336.87	 878.31	 89  330   1   7		1 2 4 8 16 32 64 
 97	 341.38	 879.86	 76  290   1   7		1 2 4 8 16 32 64 
 98	 333.86	 866.09	122  300   1   7		1 2 4 8 16 32 64 
 99	 334.11	 868.98	112  295   1   7		1 2 4 8 16 32 64 
100	 336.67	 866.67	107  259   1   7		1 2 4 8 16 32 64 
101	 335.33	 867.67	139  360   1   7		1 2 4 8 16 32 64 
102	 308.11	 880.89	 46  260   1   7		1 2 4 8 16 32 64 
103	 347.32	 869.73	 87  268   1   7		1 2 4 8 16 32 64 
104	 310.24	 874.94	 54  285   1   7		1 2 4 8 16 32 64 
105	 345.54	 869.81	134  380   1   7		1 2 4 8 16 32 64 
106	 314.17	 860.72	 67  220   1   7		1 2 4 8 16 32 64 
107	 326.08	 854.50	100  226   1   7		1 2 4 8 16 32 64 
108	 335.78	 867.59	113  290   1   7		1 2 4 8 16 32 64 
109	 346.57	 860.24	142  330   1   7		1 2 4 8 16 32 64 
110	 338.16	 856.60	121  175   1   7		1 2 4 8 16 32 64 
111	 304.10	 882.76	 52  330   1   7		1 2 4 8 16 32 64 
112	 306.47	 881.52	 41  237   1   7		1 2 4 8 16 32 64 
113	 342.29	 876.21	133  445   1   7		1 2 4 8 16 32 64 
114	 306.96	 880.96	 43  245   1   7		1 2 4 8 16 32 64 
115	 323.61	 863.37	125  350   1   7		1 2 4 8 16 32 64 
116	 339.84	 859.51	150  265   1   7		1 2 4 8 16 32 64 
117	 310.38	 858.50	 81  305   1   7		1 2 4 8 16 32 64 
118	 331.67	 863.24	 97  220   1   7		1 2 4 8 16 32 64 
119	 335.50	 868.00	128  331   1   7		1 2 4 8 16 32 64 
120	 315.58	 852.49	 73  257   1   7		1 2 4 8 16 32 64 
121	 335.84	 863.91	158  360   1   7		1 2 4 8 16 32 64 
122	 339.16	 864.46	174  380   1   7		1 2 4 8 16 32 64 
123	 312.50	 854.33	 96  360   1   7		1 2 4 8 16 32 64 
124	 341.52	 856.78	177  277   1   7		1 2 4 8 16 32 64 
125	 323.63	 862.96	144  400   1   7		1 2 4 8 16 32 64 
126	 323.63	 862.96	112  310   1   7		1 2 4 8 16 32 64 
127	 336.69	 858.38	159  255   1   7		1 2 4 8 16 32 64 
128	 336.69	 858.38	228  366   1   7		1 2 4 8 16 32 64 
129	 328.28	 857.53	143  335   1   7		1 2 4 8 16 32 64 
130	 317.17	 862.62	 68  235   1   7		1 2 4 8 16 32 64 
131	 323.33	 862.83	132  360   1   7		1 2 4 8 16 32 64 
132	 326.41	 853.78	155  325   1   7		1 2 4 8 16 32 64 
133	 310.06	 863.24	 60  219   1   7		1 2 4 8 16 32 64 
134	 339.20	 878.00	102  360   1   7		1 2 4 8 16 32 64 
135	 321.38	 857.10	 86  265   1   7		1 2 4 8 16 32 64 
136	 330.98	 867.54	 94  270   1   7		1 2 4 8 16 32 64 
137	 349.78	 857.63	 95  240   1   7		1 2 4 8 16 32 64 
138	 330.75	 868.44	126  380   1   7		1 2 4 8 16 32 64 
139	 313.63	 853.34	 76  275   1   7		1 2 4 8 16 32 64 
140	 317.21	 858.16	 74  250   1   7		1 2 4 8 16 32 64 
141	 326.31	 873.53	 61  260   1   7		1 2 4 8 16 32 64 
142	 339.28	 856.11	175  260   1   7		1 2 4 8 16 32 64 
143	 346.57	 860.24	107  250   1   7		1 2 4 8 16 32 64 
144	 328.57	 851.99	142  250   1   7		1 2 4 8 16 32 64 
145	 350.00	 910.00	 13  250   1   7		1 2 4 8 16 32 64 
146	 307.75	 852.35	 39  230   1   7		1 2 4 8 16 32 64 
147	 305.17	 864.77	 92  460   1   7		1 2 4 8 16 32 64 
148	 303.64	 871.76	 51  265   1   7		1 2 4 8 16 32 64 
149	 307.19	 861.15	 68  315   1   7		1 2 4 8 16 32 64 
150	 306.46	 870.75	 61  290   1   7		1 2 4 8 16 32 64 
151	 303.68	 872.00	 42  225   1   7		1 2 4 8 16 32 64 
152	 308.87	 856.62	 79  400   1   7		1 2 4 8 16 32 64 
153	 304.18	 865.45	 48  225   1   7		1 2 4 8 16 32 64 
154	 304.26	 872.24	 56  290   1   7		1 2 4 8 16 32 64 
155	 306.07	 866.03	106  465   1   7		1 2 4 8 16 32 64 
156	 302.54	 856.47	 33  185   1   7		1 2 4 8 16 32 64 
157	 301.56	 856.47	 30  180   1   7		1 2 4 8 16 32 64 
158	 297.96	 852.92	 25  220   1   7		1 2 4 8 16 32 64 
159	 301.67	 858.00	 29  160   1   7		1 2 4 8 16 32 64 
160	 307.03	 848.42	 43  300   1   7		1 2 4 8 16 32 64 
161	 304.44	 850.44	 46  300   1   7		1 2 4 8 16 32 64 
162	 301.56	 856.47	 31  185   1   7		1 2 4 8 16 32 64 
163	 301.56	 856.47	 37  221   1   7		1 2 4 8 16 32 64 
164	 306.07	 866.03	 49  215   1   7		1 2 4 8 16 32 64 
165	 307.60	 865.66	101  430   1   7		1 2 4 8 16 32 64 
166	 304.41	 865.76	 76  350   1   7		1 2 4 8 16 32 64 
167	 301.67	 858.00	 18  100   1   7		1 2 4 8 16 32 64 
168	 303.68	 872.00	 46  245   1   7		1 2 4 8 16 32 64 
169	 297.26	 849.93	 19  250   1   7		1 2 4 8 16 32 64 
170	 309.60	 855.14	 63  315   1   7		1 2 4 8 16 32 64 
171	 303.68	 872.00	 57  300   1   7		1 2 4 8 16 32 64 
172	 304.17	 872.33	 48  265   1   7		1 2 4 8 16 32 64 
173	 332.45	 842.53	124  240   1   7		1 2 4 8 16 32 64 
174	 326.24	 836.56	 68  165   1   7		1 2 4 8 16 32 64 
175	 330.37	 850.34	127  220   1   7		1 2 4 8 16 32 64 
176	 320.72	 842.27	 48  171   1   7		1 2 4 8 16 32 64 
177	 319.65	 837.82	 27  155   1   7		1 2 4 8 16 32 64 
178	 325.53	 838.89	 83  190   1   7		1 2 4 8 16 32 64 
179	 324.77	 849.47	165  325   1   7		1 2 4 8 16 32 64 
180	 324.57	 837.33	 57  160   1   7		1 2 4 8 16 32 64 
181	 322.50	 834.67	 44  215   1   7		1 2 4 8 16 32 64 
182	 333.64	 847.87	 94  165   1   7		1 2 4 8 16 32 64 
183	 335.81	 850.79	 92  150   1   7		1 2 4 8 16 32 64 
184	 313.77	 849.42	 52  240   1   7		1 2 4 8 16 32 64 
185	 336.77	 840.03	 73  145   1   7		1 2 4 8 16 32 64 
186	 339.86	 833.79	142  325   1   7		1 2 4 8 16 32 64 
187	 339.30	 845.35	122  200   1   7		1 2 4 8 16 32 64 
188	 326.24	 836.55	130  315   1   7		1 2 4 8 16 32 64 
189	 330.52	 841.65	 96  190   1   7		1 2 4 8 16 32 64 
190	 336.67	 842.83	112  200   1   7		1 2 4 8 16 32 64 
191	 323.88	 833.51	 71  305   1   7		1 2 4 8 16 32 64 
192	 338.83	 845.33	127  206   1   7		1 2 4 8 16 32 64 
193	 338.83	 845.33	135  220   1   7		1 2 4 8 16 32 64 
194	 335.73	 844.16	136  250   1   7		1 2 4 8 16 32 64 
195	 336.67	 847.17	 79  130   1   7		1 2 4 8 16 32 64 
196	 336.67	 843.67	103  176   1   7		1 2 4 8 16 32 64 
197	 338.21	 841.17	 88  168   1   7		1 2 4 8 16 32 64 
198	 338.53	 840.22	100  200   1   7		1 2 4 8 16 32 64 
199	 338.06	 837.59	159  340   1   7		1 2 4 8 16 32 64 
200	 338.00	 841.67	112  204   1   7		1 2 4 8 16 32 64 
201	 317.74	 844.41	 53  210   1   7		1 2 4 8 16 32 64 
202	 339.40	 842.07	 85  150   1   7		1 2 4 8 16 32 64 
203	 342.76	 851.94	125  200   1   7		1 2 4 8 16 32 64 
204	 338.35	 843.16	118  200   1   7		1 2 4 8 16 32 64 
205	 332.45	 842.53	127  245   1   7		1 2 4 8 16 32 64 
206	 338.48	 844.31	150  250   1   7		1 2 4 8 16 32 64 
207	 336.67	 842.83	140  250   1   7		1 2 4 8 16 32 64 
208	 338.21	 841.17	158  300   1   7		1 2 4 8 16 32 64 
209	 338.41	 841.02	111  220   1   7		1 2 4 8 16 32 64 
210	 339.33	 842.17	 85  150   1   7		1 2 4 8 16 32 64 
211	 342.04	 834.55	116  285   1   7		1 2 4 8 16 32 64 
212	 338.06	 841.71	100  180   1   7		1 2 4 8 16 32 64 
213	 337.24	 842.83	 95  166   1   7		1 2 4 8 16 32 64 
214	 338.08	 846.34	122  200   1   7		1 2 4 8 16 32 64 
215	 340.00	 833.83	 89  205   1   7		1 2 4 8 16 32 64 
216	 341.23	 840.03	180  340   1   7		1 2 4 8 16 32 64 
217	 338.14	 843.58	112  190   1   7		1 2 4 8 16 32 64 
218	 328.53	 846.06	131  260   1   7		1 2 4 8 16 32 64 
219	 337.05	 842.42	 82  150   1   7		1 2 4 8 16 32 64 
220	 337.55	 843.87	121  205   1   7		1 2 4 8 16 32 64 
221	 324.77	 849.47	101  200   1   7		1 2 4 8 16 32 64 
222	 336.69	 838.58	105  215   1   7		1 2 4 8 16 32 64 
223	 330.35	 839.40	107  211   1   7		1 2 4 8 16 32 64 
224	 328.79	 843.28	120  245   1   7		1 2 4 8 16 32 64 
225	 337.00	 846.67	152  250   1   7		1 2 4 8 16 32 64 
226	 338.84	 845.31	110  179   1   7		1 2 4 8 16 32 64 
227	 336.67	 843.67	146  250   1   7		1 2 4 8 16 32 64 
228	 333.64	 847.87	148  260   1   7		1 2 4 8 16 32 64 
229	 335.24	 843.56	131  242   1   7		1 2 4 8 16 32 64 
230	 320.72	 842.27	 43  155   1   7		1 2 4 8 16 32 64 
231	 336.67	 840.00	 70  140   1   7		1 2 4 8 16 32 64 
232	 337.11	 841.06	 89  178   1   7		1 2 4 8 16 32 64 
233	 338.83	 845.33	250  405   1   7		1 2 4 8 16 32 64 
234	 339.33	 845.33	153  250   1   7		1 2 4 8 16 32 64 
235	 337.50	 847.47	175  280   1   7		1 2 4 8 16 32 64 
236	 339.40	 842.07	141  250   1   7		1 2 4 8 16 32 64 
237	 339.33	 842.17	124  220   1   7		1 2 4 8 16 32 64 
238	 338.00	 841.67	110  200   1   7		1 2 4 8 16 32 64 
239	 325.00	 828.00	 38  215   1   7		1 2 4 8 16 32 64 
240	 330.86	 832.30	110  260   1   7		1 2 4 8 16 32 64 
241	 334.36	 819.67	 23  240   1   7		1 2 4 8 16 32 64 
242	 334.63	 824.99	 55  270   1   7		1 2 4 8 16 32 64 
243	 334.67	 820.17	 16  170   1   7		1 2 4 8 16 32 64 
244	 334.38	 819.41	 28  289   1   7		1 2 4 8 16 32 64 
245	 328.41	 836.20	121  275   1   7		1 2 4 8 16 32 64 
246	 328.10	 836.76	104  230   1   7		1 2 4 8 16 32 64 
247	 328.10	 836.76	100  220   1   7		1 2 4 8 16 32 64 
248	 337.94	 846.59	167  275   1   7		1 2 4 8 16 32 64 
249	 350.19	 851.82	115  240   1   7		1 2 4 8 16 32 64 
250	 334.43	 820.15	 24  250   1   7		1 2 4 8 16 32 64 
251	 334.38	 819.41	 23  245   1   7		1 2 4 8 16 32 64 
252	 347.67	 847.97	133  250   1   7		1 2 4 8 16 32 64 
253	 334.63	 819.86	 22  232   1   7		1 2 4 8 16 32 64 
254	 343.00	 838.33	160  325   1   7		1 2 4 8 16 32 64 
255	 341.01	 845.19	155  265   1   7		1 2 4 8 16 32 64 
256	 343.53	 829.28	 72  260   1   7		1 2 4 8 16 32 64 
257	 328.49	 836.77	111  245   1   7		1 2 4 8 16 32 64 
258	 321.67	 831.33	 32  230   1   7		1 2 4 8 16 32 64 
259	 342.94	 838.25	135  274   1   7		1 2 4 8 16 32 64 
260	 342.94	 844.81	137  240   1   7		1 2 4 8 16 32 64 
261	 332.94	 839.61	163  315   1   7		1 2 4 8 16 32 64 
262	 337.35	 827.46	 87  290   1   7		1 2 4 8 16 32 64 
263	 330.93	 820.18	 34  370   1   7		1 2 4 8 16 32 64 
264	 340.74	 842.96	251  423   1   7		1 2 4 8 16 32 64 
265	 345.98	 837.62	128  280   1   7		1 2 4 8 16 32 64 
266	 326.24	 836.56	124  300   1   7		1 2 4 8 16 32 64 
267	 333.33	 845.50	207  365   1   7		1 2 4 8 16 32 64 
268	 342.76	 851.94	100  160   1   7		1 2 4 8 16 32 64 
269	 326.58	 837.54	128  300   1   7		1 2 4 8 16 32 64 
270	 340.66	 846.72	212  350   1   7		1 2 4 8 16 32 64 
271	 340.66	 838.84	224  455   1   7		1 2 4 8 16 32 64 
272	 323.02	 840.24	 76  220   1   7		1 2 4 8 16 32 64 
273	 325.42	 828.92	 46  230   1   7		1 2 4 8 16 32 64 
274	 339.51	 839.89	127  260   1   7		1 2 4 8 16 32 64 
275	 328.49	 836.77	154  340   1   7		1 2 4 8 16 32 64 
276	 340.66	 846.72	160  265   1   7		1 2 4 8 16 32 64 
277	 329.98	 824.05	 53  300   1   7		1 2 4 8 16 32 64 
278	 310.42	 848.78	 51  280   1   7		1 2 4 8 16 32 64 
279	 340.98	 835.68	167  400   1   7		1 2 4 8 16 32 64 
280	 337.09	 851.47	164  275   1   7		1 2 4 8 16 32 64 
281	 334.22	 845.21	 71  128   1   7		1 2 4 8 16 32 64 
282	 317.70	 847.94	 74  250   1   7		1 2 4 8 16 32 64 
283	 344.68	 844.28	152  285   1   7		1 2 4 8 16 32 64 
284	 335.42	 842.33	154  290   1   7		1 2 4 8 16 32 64 
285	 325.58	 842.36	113  250   1   7		1 2 4 8 16 32 64 
286	 333.25	 833.89	148  315   1   7		1 2 4 8 16 32 64 
287	 346.84	 844.72	201  390   1   7		1 2 4 8 16 32 64 
288	 341.69	 847.99	147  250   1   7		1 2 4 8 16 32 64 
289	 337.26	 843.36	136  230   1   7		1 2 4 8 16 32 64 
290	 338.06	 841.71	111  200   1   7		1 2 4 8 16 32 64 
291	 336.11	 838.52	127  250   1   7		1 2 4 8 16 32 64 
292	 339.94	 850.04	150  240   1   7		1 2 4 8 16 32 64 
293	 335.73	 844.16	109  200   1   7		1 2 4 8 16 32 64 
294	 335.37	 852.53	177  275   1   7		1 2 4 8 16 32 64 
295	 342.80	 831.09	 97  275   1   7		1 2 4 8 16 32 64 
296	 315.67	 841.67	 45  250   1   7		1 2 4 8 16 32 64 
297	 348.75	 839.60	 88  200   1   7		1 2 4 8 16 32 64 
298	 349.50	 853.00	 74  165   1   7		1 2 4 8 16 32 64 
299	 345.32	 839.84	119  250   1   7		1 2 4 8 16 32 64 
300	 338.61	 846.77	188  300   1   7		1 2 4 8 16 32 64 
301	 341.63	 828.26	 53  195   1   7		1 2 4 8 16 32 64 
302	 348.78	 833.99	 82  255   1   7		1 2 4 8 16 32 64 
303	 328.75	 851.78	143  250   1   7		1 2 4 8 16 32 64 
304	 328.87	 848.30	108  190   1   7		1 2 4 8 16 32 64 
305	 334.68	 819.92	 28  290   1   7		1 2 4 8 16 32 64 
306	 334.34	 820.15	 36  375   1   7		1 2 4 8 16 32 64 
307	 340.24	 843.44	147  250   1   7		1 2 4 8 16 32 64 
308	 337.33	 849.13	189  300   1   7		1 2 4 8 16 32 64 
309	 345.12	 835.26	 72  180   1   7		1 2 4 8 16 32 64 
310	 331.75	 848.74	148  265   1   7		1 2 4 8 16 32 64 
311	 345.32	 839.84	105  220   1   7		1 2 4 8 16 32 64 
312	 335.97	 834.68	 94  200   1   7		1 2 4 8 16 32 64 
313	 343.69	 849.38	146  250   1   7		1 2 4 8 16 32 64 
314	 345.05	 849.49	181  322   1   7		1 2 4 8 16 32 64 
315	 324.77	 849.47	150  295   1   7		1 2 4 8 16 32 64 
316	 324.77	 849.47	218  430   1   7		1 2 4 8 16 32 64 
317	 333.52	 816.96	 19  250   1   7		1 2 4 8 16 32 64 
318	 334.68	 819.92	 24  250   1   7		1 2 4 8 16 32 64 
319	 299.46	 901.21	 12  180   1   7		1 2 4 8 16 32 64 
320	 325.00	 921.33	  4  250   1   7		1 2 4 8 16 32 64 
321	 299.46	 901.21	 17  250   1   7		1 2 4 8 16 32 64 
322	 307.81	 898.57	 20  220   1   7		1 2 4 8 16 32 64 
323	 302.00	 932.50	  4  250   1   7		1 2 4 8 16 32 64 
324	 304.58	 910.70	 10  250   1   7		1 2 4 8 16 32 64 
325	 302.50	 932.58	  3  164   1   7		1 2 4 8 16 32 64 
326	 304.09	 908.99	  4  100   1   7		1 2 4 8 16 32 64 
327	 302.10	 932.06	  3  200   1   7		1 2 4 8 16 32 64 
328	 302.00	 932.33	  3  200   1   7		1 2 4 8 16 32 64 
329	 299.88	 902.43	 10  170   1   7		1 2 4 8 16 32 64 
330	 302.79	 897.73	 13  140   1   7		1 2 4 8 16 32 64 
331	 335.71	 884.20	 44  335   1   7		1 2 4 8 16 32 64 
332	 334.11	 910.08	 10  295   1   7		1 2 4 8 16 32 64 
333	 324.62	 886.60	 21  235   1   7		1 2 4 8 16 32 64 
334	 317.04	 891.26	 23  181   1   7		1 2 4 8 16 32 64 
335	 313.02	 892.99	 34  250   1   7		1 2 4 8 16 32 64 
336	 303.83	 885.29	 48  313   1   7		1 2 4 8 16 32 64 
337	 303.83	 887.00	 47  290   1   7		1 2 4 8 16 32 64 
338	 303.92	 886.34	 42  260   1   7		1 2 4 8 16 32 64 
339	 304.16	 889.16	 38  300   1   7		1 2 4 8 16 32 64 
340	 304.16	 889.16	 31  245   1   7		1 2 4 8 16 32 64 
341	 316.77	 886.48	 51  380   1   7		1 2 4 8 16 32 64 
342	 315.68	 913.66	  8  245   1   7		1 2 4 8 16 32 64 
343	 346.19	 899.67	 21  255   1   7		1 2 4 8 16 32 64 
344	 304.40	 885.46	 38  245   1   7		1 2 4 8 16 32 64 
345	 324.21	 901.34	  8  165   1   7		1 2 4 8 16 32 64 
346	 349.04	 885.67	 46  300   1   7		1 2 4 8 16 32 64 
347	 342.00	 905.73	 10  190   1   7		1 2 4 8 16 32 64 
348	 323.41	 908.69	  7  235   1   7		1 2 4 8 16 32 64 
349	 334.63	 888.18	 21  240   1   7		1 2 4 8 16 32 64 
350	 334.00	 884.17	 54  410   1   7		1 2 4 8 16 32 64 
351	 317.04	 891.26	 25  190   1   7		1 2 4 8 16 32 64 
352	 312.31	 904.59	 17  270   1   7		1 2 4 8 16 32 64 
353	 339.88	 884.79	 45  315   1   7		1 2 4 8 16 32 64 
354	 303.98	 890.80	 28  240   1   7		1 2 4 8 16 32 64 
355	 324.50	 886.50	 24  265   1   7		1 2 4 8 16 32 64 
356	 303.98	 890.80	 34  290   1   7		1 2 4 8 16 32 64 
357	 342.49	 887.19	 43  290   1   7		1 2 4 8 16 32 64 
358	 305.32	 896.67	 69  600   1   7		1 2 4 8 16 32 64 
359	 341.92	 887.22	 40  270   1   7		1 2 4 8 16 32 64 
360	 323.20	 891.61	 11  185   1   7		1 2 4 8 16 32 64 
361	 323.11	 901.79	 17  320   1   7		1 2 4 8 16 32 64 
362	 303.98	 890.80	 27  225   1   7		1 2 4 8 16 32 64 
363	 354.44	 846.00	 71  250   1   7		1 2 4 8 16 32 64 
364	 351.49	 848.67	 88  210   1   7		1 2 4 8 16 32 64 
365	 353.53	 862.05	122  415   1   7		1 2 4 8 16 32 64 
366	 356.13	 870.41	 45  262   1   7		1 2 4 8 16 32 64 
367	 351.49	 848.67	 57  135   1   7		1 2 4 8 16 32 64 
368	 354.84	 864.52	 89  350   1   7		1 2 4 8 16 32 64 
369	 354.44	 846.00	 74  260   1   7		1 2 4 8 16 32 64 
370	 355.00	 850.17	 56  235   1   7		1 2 4 8 16 32 64 
371	 350.30	 851.85	 95  205   1   7		1 2 4 8 16 32 64 
372	 350.28	 852.33	 85  195   1   7		1 2 4 8 16 32 64 
373	 356.05	 844.64	 42  190   1   7		1 2 4 8 16 32 64 
374	 351.49	 848.67	 80  190   1   7		1 2 4 8 16 32 64 
375	 350.09	 852.29	 68  150   1   7		1 2 4 8 16 32 64 
376	 352.63	 851.76	 89  250   1   7		1 2 4 8 16 32 64 
377	 351.49	 848.67	127  300   1   7		1 2 4 8 16 32 64 
378	 351.51	 865.76	 98  330   1   7		1 2 4 8 16 32 64 
379	 351.99	 870.29	 57  261   1   7		1 2 4 8 16 32 64 
380	 350.21	 857.11	107  273   1   7		1 2 4 8 16 32 64 
381	 353.26	 845.28	100  280   1   7		1 2 4 8 16 32 64 
382	 357.93	 842.74	 35  205   1   7		1 2 4 8 16 32 64 
383	 350.07	 852.03	 74  160   1   7		1 2 4 8 16 32 64 
384	 356.55	 888.75	 25  245   1   7		1 2 4 8 16 32 64 
385	 354.50	 867.95	 74  370   1   7		1 2 4 8 16 32 64 
386	 355.21	 843.59	 96  375   1   7		1 2 4 8 16 32 64 
387	 350.09	 852.84	136  310   1   7		1 2 4 8 16 32 64 
388	 356.51	 883.91	 28  315   1   7		1 2 4 8 16 32 64 
389	 352.40	 858.31	 92  265   1   7		1 2 4 8 16 32 64 
390	 352.25	 882.38	 35  250   1   7		1 2 4 8 16 32 64 
391	 356.13	 870.41	 75  430   1   7		1 2 4 8 16 32 64 
392	 355.93	 892.60	 26  305   1   7		1 2 4 8 16 32 64 
393	 351.06	 899.59	 18  215   1   7		1 2 4 8 16 32 64 
394	 351.52	 899.81	 20  235   1   7		1 2 4 8 16 32 64 
395	 351.17	 899.67	 12  150   1   7		1 2 4 8 16 32 64 
396	 351.17	 899.67	 20  245   1   7		1 2 4 8 16 32 64 
397	 350.57	 898.92	 20  245   1   7		1 2 4 8 16 32 64 
398	 360.37	 893.83	 19  265   1   7		1 2 4 8 16 32 64 
399	 357.34	 843.43	 36  200   1   7		1 2 4 8 16 32 64 
400	 353.71	 853.89	 61  205   1   7		1 2 4 8 16 32 64 
401	 350.07	 852.03	 65  140   1   7		1 2 4 8 16 32 64 
402	 351.86	 861.09	125  375   1   7		1 2 4 8 16 32 64 
403	 351.06	 899.59	 11  138   1   7		1 2 4 8 16 32 64 
404	 350.44	 896.63	 22  235   1   7		1 2 4 8 16 32 64 
405	 359.19	 887.60	 18  205   1   7		1 2 4 8 16 32 64 
406	 350.74	 850.63	 91  200   1   7		1 2 4 8 16 32 64 
407	 356.05	 851.90	 38  185   1   7		1 2 4 8 16 32 64 
408	 352.59	 889.99	 25  220   1   7		1 2 4 8 16 32 64 
409	 351.17	 899.67	 21  250   1   7		1 2 4 8 16 32 64 
410	 351.25	 853.24	 63  160   1   7		1 2 4 8 16 32 64 
411	 354.44	 846.00	 71  250   1   7		1 2 4 8 16 32 64 
412	 354.44	 846.00	 80  280   1   7		1 2 4 8 16 32 64 
413	 351.36	 900.08	 85 1000   1   7		1 2 4 8 16 32 64 
414	 350.08	 852.08	116  250   1   7		1 2 4 8 16 32 64 
415	 341.82	 867.99	 24   67   1   7		1 2 4 8 16 32 64 
416	 345.54	 869.81	 70  199   1   7		1 2 4 8 16 32 64 
417	 345.54	 869.81	 44  125   1   7		1 2 4 8 16 32 64 
