1 4 100 5
0 200
0 200
0 200
0 200
428 0
428 0
428 0
428 0
  0	 35.00	 35.00	  0   0   0   0
  1	 41.00	 49.00	 51  10   1   5		1 2 4 8 16 
  2	 35.00	 17.00	 46   7   1   5		1 2 4 8 16 
  3	 55.00	 45.00	 48  13   2   3		5 10 20 
  4	 55.00	 20.00	 78  19   2   3		5 10 20 
  5	 15.00	 30.00	159  26   3   3		11 21 26 
  6	 25.00	 30.00	 20   3   1   5		1 2 4 8 16 
  7	 20.00	 50.00	 17   5   1   5		1 2 4 8 16 
  8	 10.00	 43.00	 26   9   1   5		1 2 4 8 16 
  9	 55.00	 60.00	 38  16   2   3		5 10 20 
 10	 30.00	 60.00	 41  16   2   3		5 10 20 
 11	 20.00	 65.00	 31  12   2   3		5 10 20 
 12	 50.00	 35.00	 87  19   2   3		5 10 20 
 13	 30.00	 25.00	130  23   2   3		5 10 20 
 14	 15.00	 10.00	 82  20   2   3		5 10 20 
 15	 30.00	 5.00	 21   8   1   5		1 2 4 8 16 
 16	 10.00	 20.00	 99  19   2   3		5 10 20 
 17	 5.00	 30.00	  5   2   1   5		1 2 4 8 16 
 18	 20.00	 40.00	 66  12   2   3		5 10 20 
 19	 15.00	 60.00	 48  17   2   3		5 10 20 
 20	 45.00	 65.00	 28   9   1   5		1 2 4 8 16 
 21	 45.00	 20.00	 39  11   2   3		5 10 20 
 22	 45.00	 10.00	 69  18   2   3		5 10 20 
 23	 55.00	 5.00	 69  29   3   3		11 21 26 
 24	 65.00	 35.00	  7   3   1   5		1 2 4 8 16 
 25	 65.00	 20.00	  9   6   1   5		1 2 4 8 16 
 26	 45.00	 30.00	 69  17   2   3		5 10 20 
 27	 35.00	 40.00	 53  16   2   3		5 10 20 
 28	 41.00	 37.00	 59  16   2   3		5 10 20 
 29	 64.00	 42.00	 29   9   1   5		1 2 4 8 16 
 30	 40.00	 60.00	104  21   2   3		5 10 20 
 31	 31.00	 52.00	 91  27   3   3		11 21 26 
 32	 35.00	 69.00	 41  23   2   3		5 10 20 
 33	 53.00	 52.00	 61  11   2   3		5 10 20 
 34	 65.00	 55.00	 32  14   2   3		5 10 20 
 35	 63.00	 65.00	 18   8   1   5		1 2 4 8 16 
 36	 2.00	 60.00	  6   5   1   5		1 2 4 8 16 
 37	 20.00	 20.00	 46   8   1   5		1 2 4 8 16 
 38	 5.00	 5.00	 16  16   2   3		5 10 20 
 39	 60.00	 12.00	 70  31   3   3		11 21 26 
 40	 40.00	 25.00	 35   9   1   5		1 2 4 8 16 
 41	 42.00	 7.00	 15   5   1   5		1 2 4 8 16 
 42	 24.00	 12.00	 27   5   1   5		1 2 4 8 16 
 43	 23.00	 3.00	 11   7   1   5		1 2 4 8 16 
 44	 11.00	 14.00	 63  18   2   3		5 10 20 
 45	 6.00	 38.00	 47  16   2   3		5 10 20 
 46	 2.00	 48.00	  1   1   1   5		1 2 4 8 16 
 47	 8.00	 56.00	 42  27   3   3		11 21 26 
 48	 13.00	 52.00	128  36   3   3		11 21 26 
 49	 6.00	 68.00	 49  30   3   3		11 21 26 
 50	 47.00	 47.00	 53  13   2   3		5 10 20 
 51	 49.00	 58.00	 28  10   1   5		1 2 4 8 16 
 52	 27.00	 43.00	 30   9   1   5		1 2 4 8 16 
 53	 37.00	 31.00	 51  14   2   3		5 10 20 
 54	 57.00	 29.00	 38  18   2   3		5 10 20 
 55	 63.00	 23.00	  2   2   1   5		1 2 4 8 16 
 56	 53.00	 12.00	 16   6   1   5		1 2 4 8 16 
 57	 32.00	 12.00	 34   7   1   5		1 2 4 8 16 
 58	 36.00	 26.00	111  18   2   3		5 10 20 
 59	 21.00	 24.00	140  28   3   3		11 21 26 
 60	 17.00	 34.00	 16   3   1   5		1 2 4 8 16 
 61	 12.00	 24.00	 47  13   2   3		5 10 20 
 62	 24.00	 58.00	 57  19   2   3		5 10 20 
 63	 27.00	 69.00	 27  10   1   5		1 2 4 8 16 
 64	 15.00	 77.00	  8   9   1   5		1 2 4 8 16 
 65	 62.00	 77.00	 14  20   2   3		5 10 20 
 66	 49.00	 73.00	 33  25   2   3		5 10 20 
 67	 67.00	 5.00	 25  25   2   3		5 10 20 
 68	 56.00	 39.00	107  36   3   3		11 21 26 
 69	 37.00	 47.00	 22   6   1   5		1 2 4 8 16 
 70	 37.00	 56.00	 19   5   1   5		1 2 4 8 16 
 71	 57.00	 68.00	 27  15   2   3		5 10 20 
 72	 47.00	 16.00	 81  25   2   3		5 10 20 
 73	 44.00	 17.00	 28   9   1   5		1 2 4 8 16 
 74	 46.00	 13.00	 20   8   1   5		1 2 4 8 16 
 75	 49.00	 11.00	 54  18   2   3		5 10 20 
 76	 49.00	 42.00	 57  13   2   3		5 10 20 
 77	 53.00	 43.00	 51  14   2   3		5 10 20 
 78	 61.00	 52.00	 11   3   1   5		1 2 4 8 16 
 79	 57.00	 48.00	 98  23   2   3		5 10 20 
 80	 56.00	 37.00	 22   6   1   5		1 2 4 8 16 
 81	 55.00	 54.00	111  26   3   3		11 21 26 
 82	 15.00	 47.00	 37  16   2   3		5 10 20 
 83	 14.00	 37.00	 40  11   2   3		5 10 20 
 84	 11.00	 31.00	 44   7   1   5		1 2 4 8 16 
 85	 16.00	 22.00	167  41   3   3		11 21 26 
 86	 4.00	 18.00	131  35   3   3		11 21 26 
 87	 28.00	 18.00	102  26   3   3		11 21 26 
 88	 26.00	 52.00	 38   9   1   5		1 2 4 8 16 
 89	 26.00	 35.00	 74  15   2   3		5 10 20 
 90	 31.00	 67.00	  6   3   1   5		1 2 4 8 16 
 91	 15.00	 19.00	  4   1   1   5		1 2 4 8 16 
 92	 22.00	 22.00	 10   2   1   5		1 2 4 8 16 
 93	 18.00	 24.00	127  22   2   3		5 10 20 
 94	 26.00	 27.00	169  27   3   3		11 21 26 
 95	 25.00	 24.00	117  20   2   3		5 10 20 
 96	 22.00	 27.00	 65  11   2   3		5 10 20 
 97	 25.00	 21.00	 50  12   2   3		5 10 20 
 98	 19.00	 21.00	 79  10   1   5		1 2 4 8 16 
 99	 20.00	 26.00	 52   9   1   5		1 2 4 8 16 
