1 6 102 6
0 20
0 20
0 20
0 20
0 20
0 20
165 0
165 0
165 0
165 0
165 0
165 0
  0	 0.00	 0.00	  0   0   0   0
  1	 57.74	 0.00	320   5   6   1		63 
  2	 28.87	 50.00	388   5   6   1		63 
  3	-28.87	 50.00	366   5   6   1		63 
  4	-57.74	 0.00	294   5   6   1		63 
  5	-28.87	-50.00	372   5   6   1		63 
  6	 28.87	-50.00	310   5   6   1		63 
  7	 288.68	 0.00	 34   5   6   1		63 
  8	 144.34	 250.00	 55   5   6   1		63 
  9	-144.34	 250.00	 45   5   6   1		63 
 10	-288.68	 0.00	 51   5   6   1		63 
 11	-144.34	-250.00	 32   5   6   1		63 
 12	 144.34	-250.00	 49   5   6   1		63 
 13	 86.60	 50.00	 96   2   2   3		9 18 36 
 14	 0.00	 100.00	 72   2   2   3		9 18 36 
 15	-86.60	 50.00	113   2   2   3		9 18 36 
 16	-86.60	-50.00	 87   2   2   3		9 18 36 
 17	-0.00	-100.00	125   2   2   3		9 18 36 
 18	 86.60	-50.00	 98   2   2   3		9 18 36 
 19	 0.00	 40.00	149   2   2   3		9 18 36 
 20	-34.64	-20.00	105   2   2   3		9 18 36 
 21	 34.64	-20.00	 98   2   2   3		9 18 36 
 22	 433.01	 250.00	  9   2   2   3		9 18 36 
 23	 0.00	 500.00	 13   2   2   3		9 18 36 
 24	-433.01	 250.00	 14   2   2   3		9 18 36 
 25	-433.01	-250.00	 15   2   2   3		9 18 36 
 26	-0.00	-500.00	 13   2   2   3		9 18 36 
 27	 433.01	-250.00	 15   2   2   3		9 18 36 
 28	 0.00	 200.00	 30   2   2   3		9 18 36 
 29	-173.21	-100.00	 18   2   2   3		9 18 36 
 30	 173.21	-100.00	 19   2   2   3		9 18 36 
 31	 67.17	 27.89	152   2   1   6		1 2 4 8 16 32 
 32	 77.17	 22.11	 96   2   1   6		1 2 4 8 16 32 
 33	 57.74	 55.77	130   2   1   6		1 2 4 8 16 32 
 34	 57.74	 44.23	116   2   1   6		1 2 4 8 16 32 
 35	 19.43	 77.89	121   2   1   6		1 2 4 8 16 32 
 36	 9.43	 72.11	 89   2   1   6		1 2 4 8 16 32 
 37	-19.43	 77.89	160   2   1   6		1 2 4 8 16 32 
 38	-9.43	 72.11	 91   2   1   6		1 2 4 8 16 32 
 39	-57.74	 55.77	153   2   1   6		1 2 4 8 16 32 
 40	-57.74	 44.23	138   2   1   6		1 2 4 8 16 32 
 41	-67.17	 27.89	113   2   1   6		1 2 4 8 16 32 
 42	-77.17	 22.11	142   2   1   6		1 2 4 8 16 32 
 43	-77.17	-22.11	 85   2   1   6		1 2 4 8 16 32 
 44	-67.17	-27.89	129   2   1   6		1 2 4 8 16 32 
 45	-57.74	-44.23	143   2   1   6		1 2 4 8 16 32 
 46	-57.74	-55.77	 86   2   1   6		1 2 4 8 16 32 
 47	-9.43	-72.11	140   2   1   6		1 2 4 8 16 32 
 48	-19.43	-77.89	153   2   1   6		1 2 4 8 16 32 
 49	 9.43	-72.11	145   2   1   6		1 2 4 8 16 32 
 50	 19.43	-77.89	 85   2   1   6		1 2 4 8 16 32 
 51	 57.74	-44.23	 94   2   1   6		1 2 4 8 16 32 
 52	 57.74	-55.77	148   2   1   6		1 2 4 8 16 32 
 53	 77.17	-22.11	164   2   1   6		1 2 4 8 16 32 
 54	 67.17	-27.89	 99   2   1   6		1 2 4 8 16 32 
 55	 13.43	 47.89	164   2   1   6		1 2 4 8 16 32 
 56	 15.43	 42.11	142   2   1   6		1 2 4 8 16 32 
 57	-13.43	 47.89	153   2   1   6		1 2 4 8 16 32 
 58	-15.43	 42.11	166   2   1   6		1 2 4 8 16 32 
 59	-44.19	-7.69	135   2   1   6		1 2 4 8 16 32 
 60	-48.19	-12.31	107   2   1   6		1 2 4 8 16 32 
 61	-28.75	-34.42	142   2   1   6		1 2 4 8 16 32 
 62	-34.75	-35.58	175   2   1   6		1 2 4 8 16 32 
 63	 28.75	-34.42	167   2   1   6		1 2 4 8 16 32 
 64	 34.75	-35.58	118   2   1   6		1 2 4 8 16 32 
 65	 44.19	-7.69	157   2   1   6		1 2 4 8 16 32 
 66	 48.19	-12.31	135   2   1   6		1 2 4 8 16 32 
 67	 335.84	 139.43	 13   2   1   6		1 2 4 8 16 32 
 68	 385.84	 110.57	 16   2   1   6		1 2 4 8 16 32 
 69	 288.68	 278.87	  9   2   1   6		1 2 4 8 16 32 
 70	 288.68	 221.13	 20   2   1   6		1 2 4 8 16 32 
 71	 97.17	 389.43	  8   2   1   6		1 2 4 8 16 32 
 72	 47.17	 360.57	 15   2   1   6		1 2 4 8 16 32 
 73	-97.17	 389.43	 16   2   1   6		1 2 4 8 16 32 
 74	-47.17	 360.57	 12   2   1   6		1 2 4 8 16 32 
 75	-288.68	 278.87	 10   2   1   6		1 2 4 8 16 32 
 76	-288.68	 221.13	 18   2   1   6		1 2 4 8 16 32 
 77	-335.84	 139.43	 11   2   1   6		1 2 4 8 16 32 
 78	-385.84	 110.57	 12   2   1   6		1 2 4 8 16 32 
 79	-385.84	-110.57	 10   2   1   6		1 2 4 8 16 32 
 80	-335.84	-139.43	 23   2   1   6		1 2 4 8 16 32 
 81	-288.68	-221.13	 22   2   1   6		1 2 4 8 16 32 
 82	-288.68	-278.87	 13   2   1   6		1 2 4 8 16 32 
 83	-47.17	-360.57	 12   2   1   6		1 2 4 8 16 32 
 84	-97.17	-389.43	 14   2   1   6		1 2 4 8 16 32 
 85	 47.17	-360.57	 15   2   1   6		1 2 4 8 16 32 
 86	 97.17	-389.43	  9   2   1   6		1 2 4 8 16 32 
 87	 288.68	-221.13	 15   2   1   6		1 2 4 8 16 32 
 88	 288.68	-278.87	  9   2   1   6		1 2 4 8 16 32 
 89	 385.84	-110.57	 14   2   1   6		1 2 4 8 16 32 
 90	 335.84	-139.43	 14   2   1   6		1 2 4 8 16 32 
 91	 67.17	 239.43	 13   2   1   6		1 2 4 8 16 32 
 92	 77.17	 210.57	 23   2   1   6		1 2 4 8 16 32 
 93	-67.17	 239.43	 21   2   1   6		1 2 4 8 16 32 
 94	-77.17	 210.57	 14   2   1   6		1 2 4 8 16 32 
 95	-220.94	-38.45	 21   2   1   6		1 2 4 8 16 32 
 96	-240.94	-61.55	 14   2   1   6		1 2 4 8 16 32 
 97	-143.77	-172.11	 12   2   1   6		1 2 4 8 16 32 
 98	-173.77	-177.89	 16   2   1   6		1 2 4 8 16 32 
 99	 143.77	-172.11	 17   2   1   6		1 2 4 8 16 32 
100	 173.77	-177.89	 11   2   1   6		1 2 4 8 16 32 
101	 220.94	-38.45	 12   2   1   6		1 2 4 8 16 32 
