1 12 288 6
425 170
425 170
425 170
425 170
425 170
425 170
425 170
425 170
425 170
425 170
425 170
425 170
777 0
777 0
777 0
777 0
777 0
777 0
777 0
777 0
777 0
777 0
777 0
777 0
  0	-14.37	-20.34	  0   0   0   0
  1	 12.81	 1.89	143  10   6   1		63 
  2	 18.21	 1.37	359  21   6   1		63 
  3	 57.95	-48.78	 40   8   6   1		63 
  4	-52.43	-84.09	 84  23   6   1		63 
  5	 60.80	-32.59	 72  10   6   1		63 
  6	 23.15	 4.21	129   9   6   1		63 
  7	 25.39	 22.99	213  21   6   1		63 
  8	 25.51	-52.99	155  16   6   1		63 
  9	-49.26	-41.72	323  21   6   1		63 
 10	-37.56	-41.73	 55   3   6   1		63 
 11	-14.52	 48.96	156  24   6   1		63 
 12	 41.23	-24.50	 20   2   6   1		63 
 13	-21.86	 0.92	 46   4   6   1		63 
 14	-48.18	-16.28	245  18   6   1		63 
 15	-7.78	 44.35	 45   5   6   1		63 
 16	 20.80	 10.76	269  13   6   1		63 
 17	-29.71	-46.33	174  13   6   1		63 
 18	-20.20	-59.56	184  14   6   1		63 
 19	-87.08	-52.90	 35  10   6   1		63 
 20	 3.05	-6.31	 65   3   6   1		63 
 21	 11.87	 5.26	 16   1   6   1		63 
 22	-24.07	-55.93	 97  11   6   1		63 
 23	-22.80	 5.66	223  16   6   1		63 
 24	-51.90	 9.41	 52   6   6   1		63 
 25	 12.73	-40.97	319  18   6   1		63 
 26	-30.99	 7.65	108  11   6   1		63 
 27	 37.51	 0.46	147  15   6   1		63 
 28	 2.95	-8.56	224  17   6   1		63 
 29	 0.55	 3.64	322  17   6   1		63 
 30	-52.48	 9.71	  6   1   6   1		63 
 31	 33.94	-48.72	 11   1   6   1		63 
 32	-13.13	-53.60	234  18   6   1		63 
 33	-99.59	 23.30	  4   3   6   1		63 
 34	 6.44	-3.52	276  21   6   1		63 
 35	-14.03	-19.82	505  22   6   1		63 
 36	-24.68	 16.61	210  14   6   1		63 
 37	-10.26	-81.77	 20   4   6   1		63 
 38	 35.86	 5.60	184  17   6   1		63 
 39	-11.60	 42.91	111  16   6   1		63 
 40	-34.66	-15.47	144   8   6   1		63 
 41	 66.85	 1.14	 61  14   6   1		63 
 42	 6.87	-1.42	393  23   6   1		63 
 43	 1.66	-2.23	 14   1   6   1		63 
 44	 37.56	 11.45	268  21   6   1		63 
 45	 51.67	-26.34	117  10   6   1		63 
 46	 19.03	-10.89	314  19   6   1		63 
 47	-37.98	-6.36	106   6   6   1		63 
 48	-56.54	-42.33	 58   4   6   1		63 
 49	 1.10	-14.62	346  18   6   1		63 
 50	-56.24	-3.08	300  23   6   1		63 
 51	-23.67	-15.29	469  25   6   1		63 
 52	-34.28	-1.41	288  17   6   1		63 
 53	-64.18	 63.81	 16  11   6   1		63 
 54	-47.08	-20.39	227  20   6   1		63 
 55	-33.71	 8.38	104   9   6   1		63 
 56	 34.29	 26.03	224  23   6   1		63 
 57	-38.86	 42.11	 97  14   6   1		63 
 58	-92.73	 44.89	 15   7   6   1		63 
 59	 23.63	 27.64	117  15   6   1		63 
 60	-67.14	-67.08	 85  22   6   1		63 
 61	 25.73	-25.84	 50   4   6   1		63 
 62	-40.99	-16.90	162  14   6   1		63 
 63	 77.01	-6.10	 55  24   6   1		63 
 64	-54.81	-1.94	 92  13   6   1		63 
 65	-53.94	-29.66	121   9   6   1		63 
 66	 16.09	-27.89	 68   3   6   1		63 
 67	-59.44	 36.49	103  23   6   1		63 
 68	 34.47	 25.39	 24   2   6   1		63 
 69	-9.28	-6.69	274  23   6   1		63 
 70	-85.56	-20.48	 44   8   6   1		63 
 71	 29.52	 18.35	251  23   6   1		63 
 72	 27.81	 6.51	205  13   6   1		63 
 73	 42.15	-25.58	252  25   3   2		21 42 
 74	 82.20	 85.83	 10  25   3   2		21 42 
 75	-47.77	-35.59	208  20   3   2		21 42 
 76	 22.02	-20.35	146   9   3   2		21 42 
 77	-55.76	-33.49	224  15   3   2		21 42 
 78	 62.01	-1.45	 30   4   3   2		21 42 
 79	 25.55	-3.80	 22   1   3   2		21 42 
 80	-43.37	-7.38	 89   7   3   2		21 42 
 81	 60.30	 52.64	 22  12   3   2		21 42 
 82	-96.16	 34.10	  7   5   3   2		21 42 
 83	-32.81	-3.85	132   8   3   2		21 42 
 84	-47.83	-45.20	 12   1   3   2		21 42 
 85	-31.13	-93.85	 52  24   3   2		21 42 
 86	-17.01	-21.86	525  23   3   2		21 42 
 87	-8.39	-2.26	214  12   3   2		21 42 
 88	 35.83	 13.15	 23   2   3   2		21 42 
 89	 29.32	 54.47	 78  22   3   2		21 42 
 90	 48.35	-8.78	 24   3   3   2		21 42 
 91	-2.93	 27.04	133  12   3   2		21 42 
 92	-16.62	-55.39	145  16   3   2		21 42 
 93	-40.85	-47.74	132   8   3   2		21 42 
 94	-12.88	-2.04	419  25   3   2		21 42 
 95	-51.78	 7.28	 51   6   3   2		21 42 
 96	-32.92	 23.83	217  24   3   2		21 42 
 97	 13.98	-34.52	258  16   3   2		21 42 
 98	-35.83	-23.83	108   7   3   2		21 42 
 99	 91.86	 5.54	 17   9   3   2		21 42 
100	-28.44	-34.18	273  23   3   2		21 42 
101	 33.84	 27.88	260  24   3   2		21 42 
102	 98.43	 31.35	 12  19   3   2		21 42 
103	-57.75	-27.75	120   9   3   2		21 42 
104	-43.89	 13.01	 78  10   3   2		21 42 
105	 37.59	 49.77	128  23   3   2		21 42 
106	-3.69	 7.37	 43   2   3   2		21 42 
107	-98.24	 61.66	  6   5   3   2		21 42 
108	-23.56	-32.52	597  25   3   2		21 42 
109	 22.98	-18.11	379  17   3   2		21 42 
110	 43.92	-2.99	377  23   3   2		21 42 
111	 71.51	 11.65	108  23   3   2		21 42 
112	-43.01	-38.70	232  13   3   2		21 42 
113	-83.95	 2.18	  7   2   3   2		21 42 
114	 11.09	-40.94	320  24   3   2		21 42 
115	 27.17	-13.33	434  22   3   2		21 42 
116	-86.10	-59.81	 36  20   3   2		21 42 
117	-22.35	-78.28	 91  15   3   2		21 42 
118	-38.73	-33.59	262  12   3   2		21 42 
119	-1.23	-28.67	211  17   3   2		21 42 
120	 81.33	-44.24	 49  21   3   2		21 42 
121	 51.90	 19.89	 91  10   3   2		21 42 
122	-34.97	-27.86	 51   4   3   2		21 42 
123	-51.48	-23.25	313  21   3   2		21 42 
124	-0.65	-46.06	 48   3   3   2		21 42 
125	 68.22	-66.99	 48  17   3   2		21 42 
126	-15.15	-25.48	429  19   3   2		21 42 
127	 22.41	-34.38	160  10   3   2		21 42 
128	 36.18	-10.43	276  21   3   2		21 42 
129	-23.64	-47.68	260  21   3   2		21 42 
130	-14.72	 32.68	 40   6   3   2		21 42 
131	 16.82	-12.72	128   8   3   2		21 42 
132	 93.38	 23.00	  9   8   3   2		21 42 
133	 40.34	-24.18	222  13   3   2		21 42 
134	 5.53	-4.90	169   7   3   2		21 42 
135	-78.02	 1.27	 48  11   3   2		21 42 
136	 51.57	-45.67	156  18   3   2		21 42 
137	 49.25	-30.90	120  10   3   2		21 42 
138	-62.20	-21.40	227  25   3   2		21 42 
139	-5.05	 7.31	112   7   3   2		21 42 
140	 1.73	-70.22	129  17   3   2		21 42 
141	 1.36	-3.56	326  20   3   2		21 42 
142	-15.52	 16.43	280  18   3   2		21 42 
143	-31.60	-60.94	233  21   3   2		21 42 
144	-47.00	-55.56	226  14   3   2		21 42 
145	 2.30	 5.54	 33   2   2   3		9 18 36 
146	-30.33	-0.58	323  18   2   3		9 18 36 
147	-16.82	 17.66	106  10   2   3		9 18 36 
148	 52.66	 29.03	 20   5   2   3		9 18 36 
149	-11.99	-83.77	 74  15   2   3		9 18 36 
150	 41.63	 43.05	 96  17   2   3		9 18 36 
151	 8.51	-2.54	249  12   2   3		9 18 36 
152	 31.51	-8.98	210  14   2   3		9 18 36 
153	-3.34	-36.24	 57   3   2   3		9 18 36 
154	-26.38	 13.78	 76   7   2   3		9 18 36 
155	 28.43	 10.57	404  21   2   3		9 18 36 
156	 5.98	 27.29	 88   7   2   3		9 18 36 
157	-32.14	-45.07	 64   5   2   3		9 18 36 
158	 31.10	-7.92	420  24   2   3		9 18 36 
159	 28.20	-29.76	179  13   2   3		9 18 36 
160	-39.61	-33.59	279  18   2   3		9 18 36 
161	-19.22	-5.13	390  19   2   3		9 18 36 
162	-10.11	 69.98	 77  22   2   3		9 18 36 
163	 22.89	-44.35	122  13   2   3		9 18 36 
164	-34.74	 0.58	102  10   2   3		9 18 36 
165	-44.95	-77.73	 24   4   2   3		9 18 36 
166	-23.75	-56.01	158  17   2   3		9 18 36 
167	 69.07	-97.13	  1   2   2   3		9 18 36 
168	 12.17	-59.87	196  18   2   3		9 18 36 
169	 47.34	 17.37	 12   2   2   3		9 18 36 
170	-4.71	 14.06	326  18   2   3		9 18 36 
171	-52.37	-50.24	120  13   2   3		9 18 36 
172	 39.22	-29.77	304  24   2   3		9 18 36 
173	-42.32	-60.60	205  25   2   3		9 18 36 
174	 19.14	 41.15	 19   2   2   3		9 18 36 
175	-54.71	-17.60	 27   2   2   3		9 18 36 
176	 11.74	-83.17	 19   7   2   3		9 18 36 
177	-40.58	-53.25	337  23   2   3		9 18 36 
178	-6.42	 21.97	237  21   2   3		9 18 36 
179	-31.27	-34.61	330  18   2   3		9 18 36 
180	-3.67	-26.87	322  21   2   3		9 18 36 
181	 13.41	-22.30	306  23   2   3		9 18 36 
182	-95.89	-86.32	 12  16   2   3		9 18 36 
183	 88.98	-53.39	 36  22   2   3		9 18 36 
184	-55.05	-32.54	161  11   2   3		9 18 36 
185	 27.85	-10.03	337  22   2   3		9 18 36 
186	 40.92	-36.09	108  10   2   3		9 18 36 
187	-58.35	 15.81	 75  15   2   3		9 18 36 
188	-52.16	-74.73	174  23   2   3		9 18 36 
189	-66.77	-34.94	 50   7   2   3		9 18 36 
190	-33.37	-62.02	 12   1   2   3		9 18 36 
191	-8.65	 31.71	182  21   2   3		9 18 36 
192	-26.17	-56.15	135  11   2   3		9 18 36 
193	-39.87	-53.38	 24   2   2   3		9 18 36 
194	 71.64	-36.98	127  24   2   3		9 18 36 
195	-96.92	 8.41	 39  25   2   3		9 18 36 
196	-2.91	 36.20	148  17   2   3		9 18 36 
197	-53.25	 14.10	 79  10   2   3		9 18 36 
198	 67.32	-39.73	 96  18   2   3		9 18 36 
199	-6.53	 11.98	 22   2   2   3		9 18 36 
200	 16.43	 33.22	123  12   2   3		9 18 36 
201	-19.06	-56.92	 61   4   2   3		9 18 36 
202	 25.19	-21.05	 19   1   2   3		9 18 36 
203	 37.85	-5.52	 13   1   2   3		9 18 36 
204	-16.48	 48.66	 47   6   2   3		9 18 36 
205	 2.34	-16.52	513  22   2   3		9 18 36 
206	-48.62	-12.39	241  25   2   3		9 18 36 
207	-42.62	-50.01	312  21   2   3		9 18 36 
208	 16.02	 11.17	215  18   2   3		9 18 36 
209	-80.41	-60.58	 35  14   2   3		9 18 36 
210	-95.07	 44.29	 21  21   2   3		9 18 36 
211	-6.89	 24.88	 38   4   2   3		9 18 36 
212	-4.80	 21.67	 18   1   2   3		9 18 36 
213	 7.04	-45.34	200  18   2   3		9 18 36 
214	 31.29	-39.91	 60   4   2   3		9 18 36 
215	 14.98	 26.17	 53   4   2   3		9 18 36 
216	 33.20	-52.29	 35   5   2   3		9 18 36 
217	-59.28	 39.67	 62  15   1   6		1 2 4 8 16 32 
218	 30.05	-36.82	 89   5   1   6		1 2 4 8 16 32 
219	 9.35	-39.04	314  22   1   6		1 2 4 8 16 32 
220	-10.65	 54.43	104  21   1   6		1 2 4 8 16 32 
221	 20.86	-26.47	222  17   1   6		1 2 4 8 16 32 
222	 19.62	 17.87	113   8   1   6		1 2 4 8 16 32 
223	-36.98	-92.95	  8   4   1   6		1 2 4 8 16 32 
224	-3.76	 59.88	 15   4   1   6		1 2 4 8 16 32 
225	 11.68	-63.34	 92  16   1   6		1 2 4 8 16 32 
226	 4.47	-36.13	 58   5   1   6		1 2 4 8 16 32 
227	 47.04	-41.25	114  15   1   6		1 2 4 8 16 32 
228	 29.94	-58.71	275  25   1   6		1 2 4 8 16 32 
229	-70.57	-7.04	131  15   1   6		1 2 4 8 16 32 
230	 56.26	 1.82	 45   7   1   6		1 2 4 8 16 32 
231	 46.21	-53.52	106  19   1   6		1 2 4 8 16 32 
232	 6.37	-14.26	182  11   1   6		1 2 4 8 16 32 
233	-34.54	-39.50	145  13   1   6		1 2 4 8 16 32 
234	-50.54	 28.36	111  24   1   6		1 2 4 8 16 32 
235	-61.44	-10.90	 37   4   1   6		1 2 4 8 16 32 
236	-30.82	 17.90	110  13   1   6		1 2 4 8 16 32 
237	 49.66	 24.47	 53   6   1   6		1 2 4 8 16 32 
238	-69.78	-41.41	 44   4   1   6		1 2 4 8 16 32 
239	-18.94	 57.69	 35  12   1   6		1 2 4 8 16 32 
240	-22.45	 15.77	 54   4   1   6		1 2 4 8 16 32 
241	-7.60	 37.03	 40   4   1   6		1 2 4 8 16 32 
242	 27.44	 17.55	357  25   1   6		1 2 4 8 16 32 
243	 45.53	-5.13	232  25   1   6		1 2 4 8 16 32 
244	-33.55	-25.59	268  14   1   6		1 2 4 8 16 32 
245	-4.65	 53.75	151  25   1   6		1 2 4 8 16 32 
246	-41.12	-13.36	194  13   1   6		1 2 4 8 16 32 
247	 23.01	-45.70	181  13   1   6		1 2 4 8 16 32 
248	 17.23	 5.10	153  11   1   6		1 2 4 8 16 32 
249	-6.82	-19.87	430  24   1   6		1 2 4 8 16 32 
250	 52.97	 51.41	 18   5   1   6		1 2 4 8 16 32 
251	-28.66	-50.94	107  12   1   6		1 2 4 8 16 32 
252	 69.68	-51.52	 11   4   1   6		1 2 4 8 16 32 
253	 36.88	-17.37	 64   5   1   6		1 2 4 8 16 32 
254	-19.66	 42.04	223  24   1   6		1 2 4 8 16 32 
255	 72.13	 65.41	 12  17   1   6		1 2 4 8 16 32 
256	-71.37	 59.86	  4   4   1   6		1 2 4 8 16 32 
257	 18.32	-37.75	 11   1   1   6		1 2 4 8 16 32 
258	 18.12	 0.48	285  19   1   6		1 2 4 8 16 32 
259	-1.11	-30.68	 80   7   1   6		1 2 4 8 16 32 
260	-44.57	-44.06	360  24   1   6		1 2 4 8 16 32 
261	-28.06	-59.44	 85  10   1   6		1 2 4 8 16 32 
262	-7.95	 4.64	203  13   1   6		1 2 4 8 16 32 
263	-37.37	-28.53	547  24   1   6		1 2 4 8 16 32 
264	 4.39	-38.49	 47   3   1   6		1 2 4 8 16 32 
265	-44.59	-35.33	222  14   1   6		1 2 4 8 16 32 
266	-56.71	-39.25	 18   2   1   6		1 2 4 8 16 32 
267	 13.45	-32.16	382  24   1   6		1 2 4 8 16 32 
268	-20.34	-11.18	176  11   1   6		1 2 4 8 16 32 
269	 3.44	-52.73	 52   5   1   6		1 2 4 8 16 32 
270	 40.58	-54.49	136  14   1   6		1 2 4 8 16 32 
271	 31.95	-25.42	348  21   1   6		1 2 4 8 16 32 
272	-57.43	 38.53	 34  14   1   6		1 2 4 8 16 32 
273	 47.51	-42.04	106  15   1   6		1 2 4 8 16 32 
274	-28.14	-41.61	 54   3   1   6		1 2 4 8 16 32 
275	-2.26	-5.08	327  15   1   6		1 2 4 8 16 32 
276	-27.17	-27.94	346  15   1   6		1 2 4 8 16 32 
277	-24.05	-47.19	351  21   1   6		1 2 4 8 16 32 
278	-77.52	-55.08	 61  17   1   6		1 2 4 8 16 32 
279	-62.04	-43.44	241  18   1   6		1 2 4 8 16 32 
280	-71.94	-20.16	 85  15   1   6		1 2 4 8 16 32 
281	-66.50	-39.79	143  19   1   6		1 2 4 8 16 32 
282	 14.59	 48.44	 61   9   1   6		1 2 4 8 16 32 
283	 31.37	-29.46	141  10   1   6		1 2 4 8 16 32 
284	 6.51	-46.12	160  13   1   6		1 2 4 8 16 32 
285	 9.65	 39.51	221  25   1   6		1 2 4 8 16 32 
286	 16.04	 16.68	 15   1   1   6		1 2 4 8 16 32 
287	 7.75	-75.38	 59  11   1   6		1 2 4 8 16 32 
