Truck 1: D = 0 Q = 2000
Day[0](1927)    0 12 255 236 59 120 160 349 0
Day[1](1765)    0 14 188 280 46 262 50 73 0
Day[2](1886)    0 26 92 147 178 72 146 330 0
Day[3](1766)    0 3 121 290 311 278 196 258 0
Day[4](1710)    0 8 208 204 97 238 148 230 0
Day[5](1830)    0 28 307 173 285 110 139 362 159 0
Day[6](1985)    0 3 227 61 144 57 305 348 0
Truck 2: D = 0 Q = 2000
Day[0](1921)    0 22 275 206 116 213 379 343 325 0
Day[1](1883)    0 8 283 126 89 76 169 403 0
Day[2](1795)    0 28 294 203 52 170 168 44 0
Day[3](1815)    0 22 67 385 209 70 95 395 0
Day[4](1849)    0 12 279 118 220 53 244 145 0
Day[5](1855)    0 14 315 245 205 256 392 408 0
Day[6](1890)    0 26 261 228 63 117 41 396 0
Truck 3: D = 0 Q = 2000
Day[0](1888)    0 1 49 123 232 130 400 321 0
Day[1](1757)    0 25 310 124 304 297 263 239 0
Day[2](1780)    0 38 122 237 378 195 370 384 0
Day[3](1715)    0 23 155 56 48 363 201 0
Day[4](1845)    0 16 365 47 240 357 340 345 0
Day[5](1748)    0 37 11 138 103 289 215 407 231 0
Day[6](1874)    0 23 105 266 45 200 69 185 0
Truck 4: D = 0 Q = 2000
Day[0](1945)    0 6 87 71 291 198 372 153 328 0
Day[1](1799)    0 16 235 82 100 80 154 397 0
Day[2](1860)    0 37 24 199 134 90 361 347 0
Day[3](1720)    0 6 269 143 350 416 401 176 0
Day[4](1838)    0 1 377 381 79 226 197 163 243 0
Day[5](1850)    0 25 109 391 369 383 102 329 0
Day[6](1930)    0 38 131 286 246 74 356 382 0
Truck 5: D = 0 Q = 2000
Day[0](1914)    0 5 413 172 133 158 0
Day[1](1877)    0 18 308 129 137 191 112 342 0
Day[2](1841)    0 27 128 387 214 312 339 333 0
Day[3](1816)    0 15 292 91 65 192 346 319 0
Day[4](1703)    0 30 2 78 380 411 353 156 0
Day[5](1807)    0 13 233 81 194 189 366 351 0
Day[6](1946)    0 15 271 186 221 374 336 394 0
Truck 6: D = 0 Q = 2000
Day[0](1892)    0 34 33 60 257 389 93 355 177 0
Day[1](1925)    0 30 2 88 77 371 161 114 320 0
Day[2](1775)    0 13 17 64 175 293 277 309 180 0
Day[3](1831)    0 34 33 132 119 218 54 367 322 0
Day[4](1802)    0 5 125 303 229 337 273 157 0
Day[5](1739)    0 18 113 259 149 184 318 0
Day[6](2020*)    0 27 287 165 406 183 174 352 360 0
Truck 7: D = 0 Q = 2000
Day[0](1870)    0 21 254 108 43 75 164 409 0
Day[1](1768)    0 10 264 115 66 388 83 0
Day[2](1765)    0 32 31 252 276 234 219 247 398 0
Day[3](1690)    0 20 19 225 414 222 94 202 410 0
Day[4](1795)    0 39 40 211 386 182 68 253 326 0
Day[5](1799)    0 29 314 299 412 364 141 162 415 0
Day[6](1944)    0 20 4 402 190 212 331 181 393 0
Truck 8: D = 0 Q = 2000
Day[0](1860)    0 7 101 187 217 302 106 298 250 0
Day[1](1921)    0 39 9 265 62 268 58 281 354 327 0
Day[2](1785)    0 29 216 179 135 150 210 373 0
Day[3](1815)    0 7 284 300 260 295 296 241 0
Day[4](1816)    0 21 248 368 98 140 335 334 0
Day[5](1865)    0 10 17 42 142 193 242 338 317 0
Day[6](1940)    0 32 19 51 166 224 282 301 405 0
Truck 9: D = 0 Q = 2000
Day[0](1845)    0 40 267 152 136 171 332 0
Day[1](1796)    0 11 35 99 288 249 223 344 404 0
Day[2](1894)    0 4 316 313 376 272 359 323 0
Day[3](1856)    0 36 84 207 341 55 375 324 0
Day[4](1791)    0 9 270 127 107 111 390 399 0
Day[5](1755)    0 24 35 86 85 96 104 151 0
Day[6](1965)    0 36 31 358 274 306 251 167 0


Preseller 1: D = 3181 Q = 0
Day[0](2026.1)    0 12 255 236 59 120 160 349 0
Day[1](2267.44)    0 14 188 280 46 262 50 73 0
Day[2](1822.83)    0 26 92 147 178 72 146 330 0
Day[3](2279.82)    0 3 121 290 311 278 196 258 0
Day[4](2299.01)    0 8 208 204 97 238 148 230 0
Day[5](2597.5)    0 28 307 173 285 110 139 362 159 0
Day[6](2305.41)    0 3 227 61 144 57 305 348 0
Preseller 2: D = 3181 Q = 0
Day[0](2443.83)    0 22 275 206 116 213 379 343 325 0
Day[1](1840.35)    0 8 283 126 89 76 169 403 0
Day[2](2215.79)    0 28 294 203 52 170 168 44 0
Day[3](2192.98)    0 22 67 385 209 70 95 395 0
Day[4](2065.48)    0 12 279 118 220 53 244 145 0
Day[5](2085.42)    0 14 315 245 205 256 392 408 0
Day[6](2191.46)    0 26 261 228 63 117 41 396 0
Preseller 3: D = 3181 Q = 0
Day[0](1913.54)    0 1 49 123 232 130 400 321 0
Day[1](2331.91)    0 25 310 124 304 297 263 239 0
Day[2](2151.21)    0 38 122 237 378 195 370 384 0
Day[3](1672.9)    0 23 155 56 48 363 201 0
Day[4](1826.84)    0 16 365 47 240 357 340 345 0
Day[5](2280.25)    0 37 11 138 103 289 215 407 231 0
Day[6](2077.15)    0 23 105 266 45 200 69 185 0
Preseller 4: D = 3181 Q = 0
Day[0](2181.17)    0 6 87 71 291 198 372 153 328 0
Day[1](2260.24)    0 16 235 82 100 80 154 397 0
Day[2](1658.88)    0 37 24 199 134 90 361 347 0
Day[3](2125)    0 6 269 143 350 416 401 176 0
Day[4](2329.49)    0 1 377 381 79 226 197 163 243 0
Day[5](1839.14)    0 25 109 391 369 383 102 329 0
Day[6](2215.36)    0 38 131 286 246 74 356 382 0
Preseller 5: D = 3181 Q = 0
Day[0](936.895)    0 5 413 172 133 158 0
Day[1](2147.12)    0 18 308 129 137 191 112 342 0
Day[2](1982.59)    0 27 128 387 214 312 339 333 0
Day[3](2055.48)    0 15 292 91 65 192 346 319 0
Day[4](1786.54)    0 30 2 78 380 411 353 156 0
Day[5](2288.97)    0 13 233 81 194 189 366 351 0
Day[6](2324.78)    0 15 271 186 221 374 336 394 0
Preseller 6: D = 3181 Q = 0
Day[0](1980.66)    0 34 33 60 257 389 93 355 177 0
Day[1](1894.66)    0 30 2 88 77 371 161 114 320 0
Day[2](2023.35)    0 13 17 64 175 293 277 309 180 0
Day[3](1937.68)    0 34 33 132 119 218 54 367 322 0
Day[4](2009.1)    0 5 125 303 229 337 273 157 0
Day[5](1682.86)    0 18 113 259 149 184 318 0
Day[6](2197.17)    0 27 287 165 406 183 174 352 360 0
Preseller 7: D = 3181 Q = 0
Day[0](2069.3)    0 21 254 108 43 75 164 409 0
Day[1](1873.42)    0 10 264 115 66 388 83 0
Day[2](2204.57)    0 32 31 252 276 234 219 247 398 0
Day[3](2263.77)    0 20 19 225 414 222 94 202 410 0
Day[4](1948.78)    0 39 40 211 386 182 68 253 326 0
Day[5](2203.93)    0 29 314 299 412 364 141 162 415 0
Day[6](2036.1)    0 20 4 402 190 212 331 181 393 0
Preseller 8: D = 3181 Q = 0
Day[0](2451.47)    0 7 101 187 217 302 106 298 250 0
Day[1](2352.18)    0 39 9 265 62 268 58 281 354 327 0
Day[2](1977.52)    0 29 216 179 135 150 210 373 0
Day[3](2028.6)    0 7 284 300 260 295 296 241 0
Day[4](1880)    0 21 248 368 98 140 335 334 0
Day[5](2058.8)    0 10 17 42 142 193 242 338 317 0
Day[6](1955.4)    0 32 19 51 166 224 282 301 405 0
Preseller 9: D = 3181 Q = 0
Day[0](1457.41)    0 40 267 152 136 171 332 0
Day[1](2044.11)    0 11 35 99 288 249 223 344 404 0
Day[2](1921.35)    0 4 316 313 376 272 359 323 0
Day[3](1903.83)    0 36 84 207 341 55 375 324 0
Day[4](2211.59)    0 9 270 127 107 111 390 399 0
Day[5](1567.02)    0 24 35 86 85 96 104 151 0
Day[6](1153.49)    0 36 31 358 274 306 251 167 0
