Truck 1: D = 0 Q = 30
Day[0](25)    0 3 7 11 18 27 32 41 49 59 0
Day[1](25)    0 3 7 11 19 13 26 37 60 55 0
Day[2](25)    0 3 7 11 18 27 32 41 45 46 0
Day[3](25)    0 3 7 11 19 13 26 37 50 68 0
Truck 2: D = 0 Q = 30
Day[0](25)    0 2 4 10 16 23 35 39 56 61 0
Day[1](25)    0 2 4 10 14 25 21 44 54 71 0
Day[2](25)    0 2 4 10 16 23 35 39 52 65 0
Day[3](25)    0 2 4 10 14 25 21 44 58 74 0
Truck 3: D = 0 Q = 30
Day[0](25)    0 1 6 12 15 31 30 42 72 67 0
Day[1](25)    0 1 6 12 20 34 28 43 48 70 0
Day[2](25)    0 1 6 12 15 31 30 42 47 69 0
Day[3](25)    0 1 6 12 20 34 28 43 53 62 0
Truck 4: D = 0 Q = 30
Day[0](25)    0 8 5 9 17 24 33 40 64 63 0
Day[1](25)    0 8 5 9 22 29 36 38 73 75 0
Day[2](25)    0 8 5 9 17 24 33 40 51 66 0
Day[3](24)    0 8 5 9 22 29 36 38 57 0


Preseller 1: D = 172 Q = 0
Day[0](1101.01*)    0 3 7 11 18 27 32 41 49 59 0
Day[1](1099.29*)    0 3 7 11 19 13 26 37 60 55 0
Day[2](1078.66*)    0 3 7 11 18 27 32 41 45 46 0
Day[3](1144.01*)    0 3 7 11 19 13 26 37 50 68 0
Preseller 2: D = 172 Q = 0
Day[0](1268.95*)    0 2 4 10 16 23 35 39 56 61 0
Day[1](1124.95*)    0 2 4 10 14 25 21 44 54 71 0
Day[2](1226.19*)    0 2 4 10 16 23 35 39 52 65 0
Day[3](1066.52*)    0 2 4 10 14 25 21 44 58 74 0
Preseller 3: D = 172 Q = 0
Day[0](1166.56*)    0 1 6 12 15 31 30 42 72 67 0
Day[1](1207.83*)    0 1 6 12 20 34 28 43 48 70 0
Day[2](1242.19*)    0 1 6 12 15 31 30 42 47 69 0
Day[3](1197.93*)    0 1 6 12 20 34 28 43 53 62 0
Preseller 4: D = 172 Q = 0
Day[0](936.757*)    0 8 5 9 17 24 33 40 64 63 0
Day[1](1097.34*)    0 8 5 9 22 29 36 38 73 75 0
Day[2](926.901*)    0 8 5 9 17 24 33 40 51 66 0
Day[3](979.537*)    0 8 5 9 22 29 36 38 57 0
