Truck 1: D = 0 Q = 40
Day[0](35)    0 2 3 5 8 9 13 14 20 23 27 35 45 51 0
Day[1](35)    0 2 3 5 8 12 21 18 22 25 30 36 41 52 0
Day[2](35)    0 2 3 5 8 9 13 14 20 23 27 33 39 46 0
Day[3](35)    0 2 3 5 8 12 21 18 22 25 30 38 43 47 0
Truck 2: D = 0 Q = 40
Day[0](35)    0 1 4 6 7 10 17 24 28 26 29 34 53 50 0
Day[1](35)    0 1 4 6 7 11 16 15 19 31 32 40 48 54 0
Day[2](35)    0 1 4 6 7 10 17 24 28 26 29 37 42 55 0
Day[3](34)    0 1 4 6 7 11 16 15 19 31 32 44 49 0


Preseller 1: D = 179 Q = 0
Day[0](1768.54*)    0 2 3 5 8 9 13 14 20 23 27 35 45 51 0
Day[1](2087.08*)    0 2 3 5 8 12 21 18 22 25 30 36 41 52 0
Day[2](1757.96*)    0 2 3 5 8 9 13 14 20 23 27 33 39 46 0
Day[3](2051.48*)    0 2 3 5 8 12 21 18 22 25 30 38 43 47 0
Preseller 2: D = 179 Q = 0
Day[0](2049.31*)    0 1 4 6 7 10 17 24 28 26 29 34 53 50 0
Day[1](1746.2*)    0 1 4 6 7 11 16 15 19 31 32 40 48 54 0
Day[2](1995.38*)    0 1 4 6 7 10 17 24 28 26 29 37 42 55 0
Day[3](1808.36*)    0 1 4 6 7 11 16 15 19 31 32 44 49 0
