Truck 1: D = 0 Q = 235
Day[0](172)    0 2 15 14 8 33 25 28 122 114 101 72 111 119 123 78 0
Day[1](125)    0 2 9 18 95 136 97 110 65 0
Day[2](191)    0 2 9 35 137 0
Day[3](185)    0 2 14 12 26 34 80 87 112 62 52 121 53 0
Day[4](159)    0 2 6 9 32 25 27 40 61 45 43 0
Truck 2: D = 0 Q = 235
Day[0](235)    0 5 6 13 21 31 4 0
Day[1](127)    0 6 26 23 73 41 102 51 76 120 0
Day[2](149)    0 5 7 20 91 90 81 109 98 50 85 0
Day[3](182)    0 5 7 24 31 92 77 124 138 79 83 0
Day[4](163)    0 5 10 8 33 20 135 48 118 58 0
Truck 3: D = 0 Q = 235
Day[0](171)    0 16 7 39 35 22 63 88 3 86 131 70 0
Day[1](126)    0 14 17 37 36 38 46 94 84 132 55 57 0
Day[2](150)    0 11 19 30 128 104 117 113 116 126 0
Day[3](181)    0 16 29 38 22 129 89 100 125 49 0
Day[4](160)    0 16 17 19 21 30 130 44 0
Truck 4: D = 0 Q = 235
Day[0](178)    0 11 12 17 24 29 27 1 54 99 0
Day[1](127)    0 10 13 32 34 127 93 82 0
Day[2](150)    0 15 8 39 28 105 47 107 75 74 133 60 106 0
Day[3](182)    0 15 10 13 18 69 42 66 71 96 134 68 56 115 0
Day[4](156)    0 11 12 37 23 36 103 108 64 67 59 0


Preseller 1: D = 612 Q = 0
Day[0](1163.2*)    0 2 15 14 8 33 25 28 122 114 101 72 111 119 123 78 0
Day[1](632.107*)    0 2 9 18 95 136 97 110 65 0
Day[2](900.461*)    0 2 9 35 137 0
Day[3](1215.81*)    0 2 14 12 26 34 80 87 112 62 52 121 53 0
Day[4](763.97*)    0 2 6 9 32 25 27 40 61 45 43 0
Preseller 2: D = 612 Q = 0
Day[0](1202.77*)    0 5 6 13 21 31 4 0
Day[1](949.594*)    0 6 26 23 73 41 102 51 76 120 0
Day[2](769.944*)    0 5 7 20 91 90 81 109 98 50 85 0
Day[3](1078.73*)    0 5 7 24 31 92 77 124 138 79 83 0
Day[4](910.987*)    0 5 10 8 33 20 135 48 118 58 0
Preseller 3: D = 612 Q = 0
Day[0](1070.72*)    0 16 7 39 35 22 63 88 3 86 131 70 0
Day[1](880.062*)    0 14 17 37 36 38 46 94 84 132 55 57 0
Day[2](806.805*)    0 11 19 30 128 104 117 113 116 126 0
Day[3](856.898*)    0 16 29 38 22 129 89 100 125 49 0
Day[4](920.007*)    0 16 17 19 21 30 130 44 0
Preseller 4: D = 612 Q = 0
Day[0](913.267*)    0 11 12 17 24 29 27 1 54 99 0
Day[1](520.395)    0 10 13 32 34 127 93 82 0
Day[2](1079.99*)    0 15 8 39 28 105 47 107 75 74 133 60 106 0
Day[3](1113.94*)    0 15 10 13 18 69 42 66 71 96 134 68 56 115 0
Day[4](997.413*)    0 11 12 37 23 36 103 108 64 67 59 0
