Truck 1: D = 0 Q = 20
Day[0](15)    0 2 3 5 8 17 0
Day[1](15)    0 2 3 6 10 16 0
Day[2](15)    0 2 3 5 8 13 0
Day[3](15)    0 2 3 6 10 15 0
Truck 2: D = 0 Q = 20
Day[0](15)    0 1 4 7 11 18 0
Day[1](15)    0 1 4 9 12 19 0
Day[2](15)    0 1 4 7 11 14 0
Day[3](14)    0 1 4 9 12 0


Preseller 1: D = 37 Q = 0
Day[0](225.529*)    0 2 3 5 8 17 0
Day[1](226.534*)    0 2 3 6 10 16 0
Day[2](200.43*)    0 2 3 5 8 13 0
Day[3](224.543*)    0 2 3 6 10 15 0
Preseller 2: D = 37 Q = 0
Day[0](186.66*)    0 1 4 7 11 18 0
Day[1](254.455*)    0 1 4 9 12 19 0
Day[2](243.583*)    0 1 4 7 11 14 0
Day[3](237.971*)    0 1 4 9 12 0
