Truck 1: D = 0 Q = 40
Day[0](35)    0 2 4 9 16 23 31 34 41 48 61 67 83 108 0
Day[1](35)    0 2 4 9 16 20 29 24 43 56 60 74 84 95 0
Day[2](35)    0 2 4 9 16 23 31 34 41 48 61 66 70 89 0
Day[3](35)    0 2 4 9 16 20 29 24 43 56 60 79 88 90 0
Truck 2: D = 0 Q = 40
Day[0](35)    0 3 1 12 15 18 35 28 40 45 62 75 93 100 0
Day[1](35)    0 3 1 12 15 27 25 32 44 50 57 77 91 102 0
Day[2](35)    0 3 1 12 15 18 35 28 40 45 62 72 82 105 0
Day[3](35)    0 3 1 12 15 27 25 32 44 50 57 71 86 109 0
Truck 3: D = 0 Q = 40
Day[0](35)    0 6 8 7 14 22 26 39 51 55 49 80 85 106 0
Day[1](35)    0 6 8 7 14 19 37 33 53 52 58 78 94 107 0
Day[2](35)    0 6 8 7 14 22 26 39 51 55 49 68 101 111 0
Day[3](35)    0 6 8 7 14 19 37 33 53 52 58 65 104 110 0
Truck 4: D = 0 Q = 40
Day[0](35)    0 5 10 11 13 30 36 38 54 47 59 76 81 99 0
Day[1](35)    0 5 10 11 13 21 17 42 46 63 64 73 97 103 0
Day[2](35)    0 5 10 11 13 30 36 38 54 47 59 69 92 98 0
Day[3](34)    0 5 10 11 13 21 17 42 46 63 64 96 87 0


Preseller 1: D = 350 Q = 0
Day[0](2438.02*)    0 2 4 9 16 23 31 34 41 48 61 67 83 108 0
Day[1](2523.92*)    0 2 4 9 16 20 29 24 43 56 60 74 84 95 0
Day[2](2348.07*)    0 2 4 9 16 23 31 34 41 48 61 66 70 89 0
Day[3](2505.37*)    0 2 4 9 16 20 29 24 43 56 60 79 88 90 0
Preseller 2: D = 350 Q = 0
Day[0](2345.52*)    0 3 1 12 15 18 35 28 40 45 62 75 93 100 0
Day[1](2349.02*)    0 3 1 12 15 27 25 32 44 50 57 77 91 102 0
Day[2](2434.66*)    0 3 1 12 15 18 35 28 40 45 62 72 82 105 0
Day[3](2379.77*)    0 3 1 12 15 27 25 32 44 50 57 71 86 109 0
Preseller 3: D = 350 Q = 0
Day[0](2456.61*)    0 6 8 7 14 22 26 39 51 55 49 80 85 106 0
Day[1](2263.15*)    0 6 8 7 14 19 37 33 53 52 58 78 94 107 0
Day[2](2528.24*)    0 6 8 7 14 22 26 39 51 55 49 68 101 111 0
Day[3](2432.74*)    0 6 8 7 14 19 37 33 53 52 58 65 104 110 0
Preseller 4: D = 350 Q = 0
Day[0](2318.79*)    0 5 10 11 13 30 36 38 54 47 59 76 81 99 0
Day[1](2495.01*)    0 5 10 11 13 21 17 42 46 63 64 73 97 103 0
Day[2](2347*)    0 5 10 11 13 30 36 38 54 47 59 69 92 98 0
Day[3](2165.56*)    0 5 10 11 13 21 17 42 46 63 64 96 87 0
