Truck 1: D = 0 Q = 30
Day[0](25)    0 1 4 6 12 9 18 21 23 31 0
Day[1](25)    0 1 4 6 10 11 17 19 26 34 0
Day[2](25)    0 1 4 6 12 9 18 21 27 35 0
Day[3](25)    0 1 4 6 10 11 17 19 29 37 0
Truck 2: D = 0 Q = 30
Day[0](25)    0 2 3 5 7 14 16 20 25 36 0
Day[1](25)    0 2 3 5 13 8 15 22 24 33 0
Day[2](25)    0 2 3 5 7 14 16 20 28 32 0
Day[3](24)    0 2 3 5 13 8 15 22 30 0


Preseller 1: D = 110 Q = 0
Day[0](864.522*)    0 1 4 6 12 9 18 21 23 31 0
Day[1](942.833*)    0 1 4 6 10 11 17 19 26 34 0
Day[2](809.868*)    0 1 4 6 12 9 18 21 27 35 0
Day[3](913.258*)    0 1 4 6 10 11 17 19 29 37 0
Preseller 2: D = 110 Q = 0
Day[0](714.774*)    0 2 3 5 7 14 16 20 25 36 0
Day[1](811.084*)    0 2 3 5 13 8 15 22 24 33 0
Day[2](768.831*)    0 2 3 5 7 14 16 20 28 32 0
Day[3](702.698*)    0 2 3 5 13 8 15 22 30 0
