Truck 1: D = 0 Q = 20
Day[0](15)    0 2 5 15 19 33 0
Day[1](15)    0 2 5 12 18 36 0
Day[2](15)    0 2 5 15 19 28 0
Day[3](15)    0 2 5 12 18 29 0
Truck 2: D = 0 Q = 20
Day[0](15)    0 3 8 14 23 25 0
Day[1](15)    0 3 8 13 21 35 0
Day[2](15)    0 3 8 14 23 31 0
Day[3](15)    0 3 8 13 21 32 0
Truck 3: D = 0 Q = 20
Day[0](15)    0 1 6 11 17 34 0
Day[1](15)    0 1 6 16 20 26 0
Day[2](15)    0 1 6 11 17 37 0
Day[3](15)    0 1 6 16 20 38 0
Truck 4: D = 0 Q = 20
Day[0](15)    0 4 7 9 24 39 0
Day[1](15)    0 4 7 10 22 30 0
Day[2](15)    0 4 7 9 24 27 0
Day[3](14)    0 4 7 10 22 0


Preseller 1: D = 51 Q = 0
Day[0](379.57*)    0 2 5 15 19 33 0
Day[1](403.077*)    0 2 5 12 18 36 0
Day[2](352.619*)    0 2 5 15 19 28 0
Day[3](349.041*)    0 2 5 12 18 29 0
Preseller 2: D = 51 Q = 0
Day[0](293.661*)    0 3 8 14 23 25 0
Day[1](290.036*)    0 3 8 13 21 35 0
Day[2](310.832*)    0 3 8 14 23 31 0
Day[3](273.615*)    0 3 8 13 21 32 0
Preseller 3: D = 51 Q = 0
Day[0](319.692*)    0 1 6 11 17 34 0
Day[1](358.829*)    0 1 6 16 20 26 0
Day[2](303.868*)    0 1 6 11 17 37 0
Day[3](354.398*)    0 1 6 16 20 38 0
Preseller 4: D = 51 Q = 0
Day[0](265.27*)    0 4 7 9 24 39 0
Day[1](344.829*)    0 4 7 10 22 30 0
Day[2](302.057*)    0 4 7 9 24 27 0
Day[3](273.459*)    0 4 7 10 22 0
