Truck 1: D = 0 Q = 140
Day[0](81)    0 48 153 3 158 66 17 118 74 26 161 23 0
Day[1](135)    0 137 91 58 61 65 96 41 162 34 6 0
Day[2](78)    0 48 103 36 47 99 125 89 102 135 18 44 0
Day[3](136)    0 137 122 56 107 124 38 28 116 7 0
Day[4](125)    0 137 82 69 54 95 81 133 31 0
Truck 2: D = 0 Q = 140
Day[0](82)    0 10 103 120 63 113 128 8 123 13 42 98 78 45 0
Day[1](133)    0 10 5 15 115 157 139 62 86 83 9 93 100 134 0
Day[2](77)    0 114 3 73 64 14 108 51 76 77 20 19 22 0
Day[3](135)    0 10 5 155 146 112 126 67 142 39 90 29 92 1 104 0
Day[4](123)    0 48 114 138 43 70 154 40 119 117 140 111 144 46 75 35 110 136 27 0
Truck 3: D = 0 Q = 140
Day[0](86)    0 114 132 88 149 141 49 159 84 53 160 152 30 80 0
Day[1](132)    0 72 132 150 97 25 59 130 57 121 105 151 127 55 12 21 0
Day[2](75)    0 153 138 43 87 156 37 147 50 68 101 4 11 2 0
Day[3](132)    0 72 132 150 97 25 129 52 143 85 145 71 79 33 32 0
Day[4](122)    0 72 5 131 109 16 106 60 148 94 24 0


Preseller 1: D = 1054 Q = 0
Day[0](1905.2*)    0 48 153 3 158 66 17 118 74 26 161 23 0
Day[1](2756.94*)    0 137 91 58 61 65 96 41 162 34 6 0
Day[2](1470.03*)    0 48 103 36 47 99 125 89 102 135 18 44 0
Day[3](2714.31*)    0 137 122 56 107 124 38 28 116 7 0
Day[4](2545.4*)    0 137 82 69 54 95 81 133 31 0
Preseller 2: D = 1054 Q = 0
Day[0](1372.82*)    0 10 103 120 63 113 128 8 123 13 42 98 78 45 0
Day[1](1552.49*)    0 10 5 15 115 157 139 62 86 83 9 93 100 134 0
Day[2](1340.19*)    0 114 3 73 64 14 108 51 76 77 20 19 22 0
Day[3](1595.58*)    0 10 5 155 146 112 126 67 142 39 90 29 92 1 104 0
Day[4](2655.87*)    0 48 114 138 43 70 154 40 119 117 140 111 144 46 75 35 110 136 27 0
Preseller 3: D = 1054 Q = 0
Day[0](1701.74*)    0 114 132 88 149 141 49 159 84 53 160 152 30 80 0
Day[1](2399.23*)    0 72 132 150 97 25 59 130 57 121 105 151 127 55 12 21 0
Day[2](1307.7*)    0 153 138 43 87 156 37 147 50 68 101 4 11 2 0
Day[3](2356.1*)    0 72 132 150 97 25 129 52 143 85 145 71 79 33 32 0
Day[4](1305.82*)    0 72 5 131 109 16 106 60 148 94 24 0
