Truck 1: D = 0 Q = 200
Day[0](143)    0 94 87 13 14 53 82 40 15 0
Day[1](144)    0 85 23 12 75 66 29 78 0
Day[2](179)    0 94 13 30 4 62 32 54 65 8 0
Day[3](144)    0 85 23 12 75 66 73 24 0
Day[4](151)    0 85 39 30 62 45 34 20 0
Truck 2: D = 0 Q = 200
Day[0](143)    0 5 81 47 22 32 71 70 92 91 0
Day[1](145)    0 5 68 95 89 50 9 99 42 41 0
Day[2](180)    0 86 58 16 22 28 77 61 82 71 84 56 90 0
Day[3](142)    0 5 68 95 89 50 9 2 74 46 0
Day[4](155)    0 94 68 93 4 33 61 65 43 0
Truck 3: D = 0 Q = 200
Day[0](142)    0 86 39 16 28 3 67 60 0
Day[1](143)    0 59 87 49 44 97 21 38 17 0
Day[2](179)    0 81 47 72 18 33 27 45 83 67 51 0
Day[3](141)    0 59 87 49 44 97 21 38 0
Day[4](153)    0 59 81 49 72 77 83 37 80 36 0
Truck 4: D = 0 Q = 200
Day[0](144)    0 48 23 58 18 76 10 1 63 0
Day[1](143)    0 48 31 79 96 19 11 88 35 0
Day[2](182)    0 39 93 14 26 76 53 3 10 34 98 69 25 0
Day[3](149)    0 48 31 79 96 19 11 52 7 64 0
Day[4](152)    0 86 31 47 26 27 54 57 6 55 0


Preseller 1: D = 428 Q = 0
Day[0](790.034*)    0 94 87 13 14 53 82 40 15 0
Day[1](676.879*)    0 85 23 12 75 66 29 78 0
Day[2](973.271*)    0 94 13 30 4 62 32 54 65 8 0
Day[3](710.882*)    0 85 23 12 75 66 73 24 0
Day[4](751.937*)    0 85 39 30 62 45 34 20 0
Preseller 2: D = 428 Q = 0
Day[0](805.305*)    0 5 81 47 22 32 71 70 92 91 0
Day[1](871.564*)    0 5 68 95 89 50 9 99 42 41 0
Day[2](1148.84*)    0 86 58 16 22 28 77 61 82 71 84 56 90 0
Day[3](877.878*)    0 5 68 95 89 50 9 2 74 46 0
Day[4](974.644*)    0 94 68 93 4 33 61 65 43 0
Preseller 3: D = 428 Q = 0
Day[0](741.354*)    0 86 39 16 28 3 67 60 0
Day[1](703.279*)    0 59 87 49 44 97 21 38 17 0
Day[2](932.382*)    0 81 47 72 18 33 27 45 83 67 51 0
Day[3](673.279*)    0 59 87 49 44 97 21 38 0
Day[4](909.979*)    0 59 81 49 72 77 83 37 80 36 0
Preseller 4: D = 428 Q = 0
Day[0](785.625*)    0 48 23 58 18 76 10 1 63 0
Day[1](724.266*)    0 48 31 79 96 19 11 88 35 0
Day[2](1058.99*)    0 39 93 14 26 76 53 3 10 34 98 69 25 0
Day[3](730.176*)    0 48 31 79 96 19 11 52 7 64 0
Day[4](754.263*)    0 86 31 47 26 27 54 57 6 55 0
