Truck 1: D = 0 Q = 160
Day[0](124)    0 2 41 38 7 24 31 46 26 0
Day[1](136)    0 18 48 6 14 35 39 21 17 0
Truck 2: D = 0 Q = 160
Day[0](125)    0 47 34 33 9 44 1 45 40 0
Day[1](133)    0 12 49 13 30 27 42 43 10 0
Truck 3: D = 0 Q = 160
Day[0](121)    0 20 8 23 32 50 22 4 37 29 0
Day[1](138)    0 11 5 25 16 3 15 28 19 36 0


Preseller 1: D = 327 Q = 0
Day[0](473.097*)    0 2 41 38 7 24 31 46 26 0
Day[1](456.73*)    0 18 48 6 14 35 39 21 17 0
Preseller 2: D = 327 Q = 0
Day[0](424.04*)    0 47 34 33 9 44 1 45 40 0
Day[1](541.009*)    0 12 49 13 30 27 42 43 10 0
Preseller 3: D = 327 Q = 0
Day[0](456.134*)    0 20 8 23 32 50 22 4 37 29 0
Day[1](584.199*)    0 11 5 25 16 3 15 28 19 36 0
