Truck 1: D = 0 Q = 20
Day[0](15)    0 4 6 15 36 31 0
Day[1](15)    0 4 6 14 44 20 0
Day[2](15)    0 4 6 13 39 19 0
Day[3](15)    0 4 6 15 30 25 0
Day[4](15)    0 4 6 14 29 46 0
Day[5](15)    0 4 6 13 21 41 0
Truck 2: D = 0 Q = 20
Day[0](15)    0 5 2 9 43 24 0
Day[1](15)    0 5 2 11 28 22 0
Day[2](15)    0 5 2 7 32 48 0
Day[3](15)    0 5 2 9 45 27 0
Day[4](15)    0 5 2 11 47 26 0
Day[5](15)    0 5 2 7 38 17 0
Truck 3: D = 0 Q = 20
Day[0](15)    0 1 3 10 37 35 0
Day[1](15)    0 1 3 8 42 33 0
Day[2](15)    0 1 3 12 16 50 0
Day[3](15)    0 1 3 10 40 34 0
Day[4](15)    0 1 3 8 23 49 0
Day[5](13)    0 1 3 12 18 0


Preseller 1: D = 95 Q = 0
Day[0](547.828*)    0 4 6 15 36 31 0
Day[1](571.203*)    0 4 6 14 44 20 0
Day[2](624.501*)    0 4 6 13 39 19 0
Day[3](590.261*)    0 4 6 15 30 25 0
Day[4](529.43*)    0 4 6 14 29 46 0
Day[5](515.324*)    0 4 6 13 21 41 0
Preseller 2: D = 95 Q = 0
Day[0](569.745*)    0 5 2 9 43 24 0
Day[1](718.079*)    0 5 2 11 28 22 0
Day[2](605.935*)    0 5 2 7 32 48 0
Day[3](572.872*)    0 5 2 9 45 27 0
Day[4](639.427*)    0 5 2 11 47 26 0
Day[5](511.883*)    0 5 2 7 38 17 0
Preseller 3: D = 95 Q = 0
Day[0](609.907*)    0 1 3 10 37 35 0
Day[1](545.219*)    0 1 3 8 42 33 0
Day[2](579.132*)    0 1 3 12 16 50 0
Day[3](687.239*)    0 1 3 10 40 34 0
Day[4](517.324*)    0 1 3 8 23 49 0
Day[5](548.136*)    0 1 3 12 18 0
