Truck 1: D = 0 Q = 160
Day[0](129)    0 12 20 25 14 39 4 0
Day[1](128)    0 12 20 25 7 42 9 0
Day[2](174*)    0 12 20 25 6 49 32 3 39 22 36 0
Day[3](128)    0 12 20 25 7 42 9 0
Day[4](123)    0 12 20 25 48 28 26 0
Truck 2: D = 0 Q = 160
Day[0](130)    0 2 41 47 6 33 45 0
Day[1](130)    0 2 41 5 13 44 15 17 0
Day[2](172*)    0 2 41 47 16 30 14 35 31 1 0
Day[3](127)    0 2 41 5 13 44 24 0
Day[4](116)    0 2 41 38 30 3 37 0
Truck 3: D = 0 Q = 160
Day[0](133)    0 18 34 16 49 35 43 10 0
Day[1](131)    0 18 34 11 27 23 21 29 0
Day[2](170*)    0 18 34 38 8 48 33 28 43 0
Day[3](133)    0 18 34 11 27 23 19 40 0
Day[4](118)    0 18 34 8 32 31 46 0


Preseller 1: D = 212 Q = 0
Day[0](417.812*)    0 12 20 25 14 39 4 0
Day[1](441.361*)    0 12 20 25 7 42 9 0
Day[2](624.731*)    0 12 20 25 6 49 32 3 39 22 36 0
Day[3](441.361*)    0 12 20 25 7 42 9 0
Day[4](375.107*)    0 12 20 25 48 28 26 0
Preseller 2: D = 212 Q = 0
Day[0](404.863*)    0 2 41 47 6 33 45 0
Day[1](450.933*)    0 2 41 5 13 44 15 17 0
Day[2](601.702*)    0 2 41 47 16 30 14 35 31 1 0
Day[3](467.495*)    0 2 41 5 13 44 24 0
Day[4](452.096*)    0 2 41 38 30 3 37 0
Preseller 3: D = 212 Q = 0
Day[0](456.081*)    0 18 34 16 49 35 43 10 0
Day[1](380.511*)    0 18 34 11 27 23 21 29 0
Day[2](515.379*)    0 18 34 38 8 48 33 28 43 0
Day[3](371.648*)    0 18 34 11 27 23 19 40 0
Day[4](364.39*)    0 18 34 8 32 31 46 0
