Truck 1: D = 0 Q = 20
Day[0](16)    0 5 3 14 31 35 0
Day[1](16)    0 5 3 13 36 40 0
Day[2](16)    0 5 3 15 39 26 0
Day[3](16)    0 5 3 14 28 25 0
Day[4](16)    0 5 3 13 47 34 0
Day[5](16)    0 5 3 15 30 29 0
Truck 2: D = 0 Q = 20
Day[0](16)    0 4 2 8 44 19 0
Day[1](16)    0 4 2 11 20 17 0
Day[2](16)    0 4 2 9 22 16 0
Day[3](16)    0 4 2 8 38 37 0
Day[4](16)    0 4 2 11 21 43 0
Day[5](16)    0 4 2 9 23 27 0
Truck 3: D = 0 Q = 20
Day[0](16)    0 6 1 10 42 18 0
Day[1](16)    0 6 1 7 48 50 0
Day[2](16)    0 6 1 12 46 33 0
Day[3](16)    0 6 1 10 45 32 0
Day[4](16)    0 6 1 7 41 24 0
Day[5](14)    0 6 1 12 49 0


Preseller 1: D = 96 Q = 0
Day[0](582.832*)    0 5 3 14 31 35 0
Day[1](632.632*)    0 5 3 13 36 40 0
Day[2](663.187*)    0 5 3 15 39 26 0
Day[3](576.683*)    0 5 3 14 28 25 0
Day[4](570.801*)    0 5 3 13 47 34 0
Day[5](594.624*)    0 5 3 15 30 29 0
Preseller 2: D = 96 Q = 0
Day[0](645.278*)    0 4 2 8 44 19 0
Day[1](770.73*)    0 4 2 11 20 17 0
Day[2](644.944*)    0 4 2 9 22 16 0
Day[3](600.799*)    0 4 2 8 38 37 0
Day[4](727.829*)    0 4 2 11 21 43 0
Day[5](634.686*)    0 4 2 9 23 27 0
Preseller 3: D = 96 Q = 0
Day[0](631.046*)    0 6 1 10 42 18 0
Day[1](481.412*)    0 6 1 7 48 50 0
Day[2](504.059*)    0 6 1 12 46 33 0
Day[3](567.303*)    0 6 1 10 45 32 0
Day[4](496.244*)    0 6 1 7 41 24 0
Day[5](377.022*)    0 6 1 12 49 0
