Truck 1: D = 0 Q = 20
Day[0](16)    0 2 8 17 53 93 0
Day[1](16)    0 2 8 19 55 95 0
Day[2](16)    0 2 8 15 58 81 0
Day[3](16)    0 2 8 17 63 92 0
Day[4](16)    0 2 8 19 62 80 0
Day[5](16)    0 2 8 15 37 70 0
Truck 2: D = 0 Q = 20
Day[0](16)    0 5 10 21 31 98 0
Day[1](16)    0 5 10 20 48 73 0
Day[2](16)    0 5 10 18 39 68 0
Day[3](16)    0 5 10 21 57 99 0
Day[4](16)    0 5 10 20 65 76 0
Day[5](16)    0 5 10 18 52 85 0
Truck 3: D = 0 Q = 20
Day[0](16)    0 3 12 16 56 89 0
Day[1](16)    0 3 12 13 61 96 0
Day[2](16)    0 3 12 14 42 90 0
Day[3](16)    0 3 12 16 45 87 0
Day[4](16)    0 3 12 13 49 72 0
Day[5](16)    0 3 12 14 47 94 0
Truck 4: D = 0 Q = 20
Day[0](16)    0 1 9 30 44 97 0
Day[1](16)    0 1 9 28 33 67 0
Day[2](16)    0 1 9 29 66 82 0
Day[3](16)    0 1 9 30 59 91 0
Day[4](16)    0 1 9 28 40 84 0
Day[5](16)    0 1 9 29 35 74 0
Truck 5: D = 0 Q = 20
Day[0](16)    0 6 7 27 54 77 0
Day[1](16)    0 6 7 25 60 100 0
Day[2](16)    0 6 7 24 41 101 0
Day[3](16)    0 6 7 27 34 83 0
Day[4](16)    0 6 7 25 64 78 0
Day[5](16)    0 6 7 24 32 79 0
Truck 6: D = 0 Q = 20
Day[0](16)    0 4 11 26 50 71 0
Day[1](16)    0 4 11 23 46 69 0
Day[2](16)    0 4 11 22 36 86 0
Day[3](16)    0 4 11 26 38 88 0
Day[4](16)    0 4 11 23 51 75 0
Day[5](14)    0 4 11 22 43 0


Preseller 1: D = 165 Q = 0
Day[0](1828.64*)    0 2 8 17 53 93 0
Day[1](1585.84*)    0 2 8 19 55 95 0
Day[2](1789.21*)    0 2 8 15 58 81 0
Day[3](1746.61*)    0 2 8 17 63 92 0
Day[4](1735.18*)    0 2 8 19 62 80 0
Day[5](1742.69*)    0 2 8 15 37 70 0
Preseller 2: D = 165 Q = 0
Day[0](1710*)    0 5 10 21 31 98 0
Day[1](1807.74*)    0 5 10 20 48 73 0
Day[2](2016.81*)    0 5 10 18 39 68 0
Day[3](1690.83*)    0 5 10 21 57 99 0
Day[4](1763.86*)    0 5 10 20 65 76 0
Day[5](1719.32*)    0 5 10 18 52 85 0
Preseller 3: D = 165 Q = 0
Day[0](1905.75*)    0 3 12 16 56 89 0
Day[1](1733.51*)    0 3 12 13 61 96 0
Day[2](1978.87*)    0 3 12 14 42 90 0
Day[3](1788.06*)    0 3 12 16 45 87 0
Day[4](1959.43*)    0 3 12 13 49 72 0
Day[5](1886.8*)    0 3 12 14 47 94 0
Preseller 4: D = 165 Q = 0
Day[0](1791.05*)    0 1 9 30 44 97 0
Day[1](1515.72*)    0 1 9 28 33 67 0
Day[2](1929.1*)    0 1 9 29 66 82 0
Day[3](1891.02*)    0 1 9 30 59 91 0
Day[4](1680.53*)    0 1 9 28 40 84 0
Day[5](1799.02*)    0 1 9 29 35 74 0
Preseller 5: D = 165 Q = 0
Day[0](1944.33*)    0 6 7 27 54 77 0
Day[1](2292.3*)    0 6 7 25 60 100 0
Day[2](2292.71*)    0 6 7 24 41 101 0
Day[3](1993.02*)    0 6 7 27 34 83 0
Day[4](2534.9*)    0 6 7 25 64 78 0
Day[5](2590.49*)    0 6 7 24 32 79 0
Preseller 6: D = 165 Q = 0
Day[0](1939.29*)    0 4 11 26 50 71 0
Day[1](2560.49*)    0 4 11 23 46 69 0
Day[2](2448.3*)    0 4 11 22 36 86 0
Day[3](2082.67*)    0 4 11 26 38 88 0
Day[4](2550.07*)    0 4 11 23 51 75 0
Day[5](2084.29*)    0 4 11 22 43 0
