Truck 1: D = 0 Q = 30
Day[0](25)    0 2 11 14 20 42 44 63 82 110 0
Day[1](25)    0 2 11 14 29 23 36 59 67 94 0
Day[2](25)    0 2 11 14 20 42 44 63 88 103 0
Day[3](25)    0 2 11 14 29 23 36 59 79 98 0
Truck 2: D = 0 Q = 30
Day[0](25)    0 5 12 17 26 28 53 61 76 106 0
Day[1](25)    0 5 12 17 25 34 31 52 72 107 0
Day[2](25)    0 5 12 17 26 28 53 61 74 102 0
Day[3](25)    0 5 12 17 25 34 31 52 83 112 0
Truck 3: D = 0 Q = 30
Day[0](25)    0 6 9 13 27 35 54 57 87 111 0
Day[1](25)    0 6 9 13 24 30 49 66 81 100 0
Day[2](25)    0 6 9 13 27 35 54 57 86 99 0
Day[3](25)    0 6 9 13 24 30 49 66 71 95 0
Truck 4: D = 0 Q = 30
Day[0](25)    0 1 10 18 33 39 50 60 69 105 0
Day[1](25)    0 1 10 18 32 40 38 62 85 104 0
Day[2](25)    0 1 10 18 33 39 50 60 73 113 0
Day[3](25)    0 1 10 18 32 40 38 62 70 96 0
Truck 5: D = 0 Q = 30
Day[0](25)    0 3 7 16 22 51 45 58 75 108 0
Day[1](25)    0 3 7 16 41 46 48 64 90 97 0
Day[2](25)    0 3 7 16 22 51 45 58 89 101 0
Day[3](25)    0 3 7 16 41 46 48 64 77 109 0
Truck 6: D = 0 Q = 30
Day[0](25)    0 4 8 15 21 37 47 65 78 93 0
Day[1](25)    0 4 8 15 19 43 56 55 68 91 0
Day[2](25)    0 4 8 15 21 37 47 65 80 92 0
Day[3](24)    0 4 8 15 19 43 56 55 84 0


Preseller 1: D = 303 Q = 0
Day[0](1543.29*)    0 2 11 14 20 42 44 63 82 110 0
Day[1](1507.04*)    0 2 11 14 29 23 36 59 67 94 0
Day[2](1598.65*)    0 2 11 14 20 42 44 63 88 103 0
Day[3](1479.6*)    0 2 11 14 29 23 36 59 79 98 0
Preseller 2: D = 303 Q = 0
Day[0](1360.99*)    0 5 12 17 26 28 53 61 76 106 0
Day[1](1387.43*)    0 5 12 17 25 34 31 52 72 107 0
Day[2](1357.41*)    0 5 12 17 26 28 53 61 74 102 0
Day[3](1306.71*)    0 5 12 17 25 34 31 52 83 112 0
Preseller 3: D = 303 Q = 0
Day[0](1432.21*)    0 6 9 13 27 35 54 57 87 111 0
Day[1](1482.09*)    0 6 9 13 24 30 49 66 81 100 0
Day[2](1499.04*)    0 6 9 13 27 35 54 57 86 99 0
Day[3](1418.49*)    0 6 9 13 24 30 49 66 71 95 0
Preseller 4: D = 303 Q = 0
Day[0](1387.22*)    0 1 10 18 33 39 50 60 69 105 0
Day[1](1281.04*)    0 1 10 18 32 40 38 62 85 104 0
Day[2](1351.45*)    0 1 10 18 33 39 50 60 73 113 0
Day[3](1288.41*)    0 1 10 18 32 40 38 62 70 96 0
Preseller 5: D = 303 Q = 0
Day[0](1307.59*)    0 3 7 16 22 51 45 58 75 108 0
Day[1](1384.26*)    0 3 7 16 41 46 48 64 90 97 0
Day[2](1366.06*)    0 3 7 16 22 51 45 58 89 101 0
Day[3](1413.74*)    0 3 7 16 41 46 48 64 77 109 0
Preseller 6: D = 303 Q = 0
Day[0](1226.87*)    0 4 8 15 21 37 47 65 78 93 0
Day[1](1038.56*)    0 4 8 15 19 43 56 55 68 91 0
Day[2](1228.84*)    0 4 8 15 21 37 47 65 80 92 0
Day[3](1032.18*)    0 4 8 15 19 43 56 55 84 0
