Truck 1: D = 0 Q = 20
Day[0](17)    0 4 12 14 65 74 0
Day[1](17)    0 4 12 19 48 92 0
Day[2](17)    0 4 12 13 66 72 0
Day[3](17)    0 4 12 14 53 97 0
Day[4](17)    0 4 12 19 63 96 0
Day[5](17)    0 4 12 13 59 80 0
Truck 2: D = 0 Q = 20
Day[0](17)    0 2 9 21 35 90 0
Day[1](17)    0 2 9 17 64 85 0
Day[2](17)    0 2 9 20 51 98 0
Day[3](17)    0 2 9 21 33 81 0
Day[4](17)    0 2 9 17 31 87 0
Day[5](17)    0 2 9 20 38 93 0
Truck 3: D = 0 Q = 20
Day[0](17)    0 5 7 16 36 67 0
Day[1](17)    0 5 7 15 46 82 0
Day[2](17)    0 5 7 18 56 99 0
Day[3](17)    0 5 7 16 55 73 0
Day[4](17)    0 5 7 15 40 77 0
Day[5](17)    0 5 7 18 37 75 0
Truck 4: D = 0 Q = 20
Day[0](17)    0 1 10 28 52 88 0
Day[1](17)    0 1 10 30 34 83 0
Day[2](17)    0 1 10 29 44 101 0
Day[3](17)    0 1 10 28 50 86 0
Day[4](17)    0 1 10 30 45 100 0
Day[5](17)    0 1 10 29 32 76 0
Truck 5: D = 0 Q = 20
Day[0](17)    0 3 11 25 43 94 0
Day[1](17)    0 3 11 23 61 68 0
Day[2](17)    0 3 11 27 54 79 0
Day[3](17)    0 3 11 25 42 91 0
Day[4](17)    0 3 11 23 57 95 0
Day[5](17)    0 3 11 27 49 78 0
Truck 6: D = 0 Q = 20
Day[0](17)    0 6 8 24 41 84 0
Day[1](17)    0 6 8 22 62 89 0
Day[2](17)    0 6 8 26 60 69 0
Day[3](17)    0 6 8 24 58 70 0
Day[4](17)    0 6 8 22 47 71 0
Day[5](15)    0 6 8 26 39 0


Preseller 1: D = 166 Q = 0
Day[0](2012.62*)    0 4 12 14 65 74 0
Day[1](1886.82*)    0 4 12 19 48 92 0
Day[2](1876.78*)    0 4 12 13 66 72 0
Day[3](1933.29*)    0 4 12 14 53 97 0
Day[4](1822.97*)    0 4 12 19 63 96 0
Day[5](1888.68*)    0 4 12 13 59 80 0
Preseller 2: D = 166 Q = 0
Day[0](1811.17*)    0 2 9 21 35 90 0
Day[1](1786.33*)    0 2 9 17 64 85 0
Day[2](1656.58*)    0 2 9 20 51 98 0
Day[3](1855.95*)    0 2 9 21 33 81 0
Day[4](1875.65*)    0 2 9 17 31 87 0
Day[5](1563.25*)    0 2 9 20 38 93 0
Preseller 3: D = 166 Q = 0
Day[0](1870.42*)    0 5 7 16 36 67 0
Day[1](1827.53*)    0 5 7 15 46 82 0
Day[2](1567.5*)    0 5 7 18 56 99 0
Day[3](1883.75*)    0 5 7 16 55 73 0
Day[4](1724.17*)    0 5 7 15 40 77 0
Day[5](1697.49*)    0 5 7 18 37 75 0
Preseller 4: D = 166 Q = 0
Day[0](1858.66*)    0 1 10 28 52 88 0
Day[1](2003.68*)    0 1 10 30 34 83 0
Day[2](1490.45*)    0 1 10 29 44 101 0
Day[3](1881.01*)    0 1 10 28 50 86 0
Day[4](1910.66*)    0 1 10 30 45 100 0
Day[5](1758.96*)    0 1 10 29 32 76 0
Preseller 5: D = 166 Q = 0
Day[0](1786.1*)    0 3 11 25 43 94 0
Day[1](2581.36*)    0 3 11 23 61 68 0
Day[2](2309.02*)    0 3 11 27 54 79 0
Day[3](1849.71*)    0 3 11 25 42 91 0
Day[4](2297.02*)    0 3 11 23 57 95 0
Day[5](2308.4*)    0 3 11 27 49 78 0
Preseller 6: D = 166 Q = 0
Day[0](2172.92*)    0 6 8 24 41 84 0
Day[1](2020.13*)    0 6 8 22 62 89 0
Day[2](2449.29*)    0 6 8 26 60 69 0
Day[3](2159.9*)    0 6 8 24 58 70 0
Day[4](2076.82*)    0 6 8 22 47 71 0
Day[5](2054.72*)    0 6 8 26 39 0
