Truck 1: D = 0 Q = 20
Day[0](15)    0 4 9 20 49 83 0
Day[1](15)    0 4 9 21 61 90 0
Day[2](15)    0 4 9 13 55 92 0
Day[3](15)    0 4 9 20 38 80 0
Day[4](15)    0 4 9 21 66 87 0
Day[5](15)    0 4 9 13 40 95 0
Truck 2: D = 0 Q = 20
Day[0](15)    0 1 11 17 63 96 0
Day[1](15)    0 1 11 19 39 70 0
Day[2](15)    0 1 11 18 64 69 0
Day[3](15)    0 1 11 17 33 74 0
Day[4](15)    0 1 11 19 42 93 0
Day[5](15)    0 1 11 18 56 82 0
Truck 3: D = 0 Q = 20
Day[0](15)    0 2 12 15 50 85 0
Day[1](15)    0 2 12 14 34 77 0
Day[2](15)    0 2 12 16 53 98 0
Day[3](15)    0 2 12 15 47 91 0
Day[4](15)    0 2 12 14 31 79 0
Day[5](15)    0 2 12 16 36 72 0
Truck 4: D = 0 Q = 20
Day[0](15)    0 6 10 28 65 94 0
Day[1](15)    0 6 10 30 51 75 0
Day[2](15)    0 6 10 29 45 86 0
Day[3](15)    0 6 10 28 57 81 0
Day[4](15)    0 6 10 30 58 89 0
Day[5](15)    0 6 10 29 60 71 0
Truck 5: D = 0 Q = 20
Day[0](15)    0 3 8 27 62 97 0
Day[1](15)    0 3 8 22 46 84 0
Day[2](15)    0 3 8 26 35 73 0
Day[3](15)    0 3 8 27 48 101 0
Day[4](15)    0 3 8 22 43 68 0
Day[5](15)    0 3 8 26 32 76 0
Truck 6: D = 0 Q = 20
Day[0](15)    0 5 7 24 44 78 0
Day[1](15)    0 5 7 23 54 99 0
Day[2](15)    0 5 7 25 41 88 0
Day[3](15)    0 5 7 24 52 67 0
Day[4](15)    0 5 7 23 59 100 0
Day[5](13)    0 5 7 25 37 0


Preseller 1: D = 164 Q = 0
Day[0](1730.96*)    0 4 9 20 49 83 0
Day[1](1896.67*)    0 4 9 21 61 90 0
Day[2](1611.74*)    0 4 9 13 55 92 0
Day[3](1867.21*)    0 4 9 20 38 80 0
Day[4](1799.33*)    0 4 9 21 66 87 0
Day[5](1681.22*)    0 4 9 13 40 95 0
Preseller 2: D = 164 Q = 0
Day[0](1609.02*)    0 1 11 17 63 96 0
Day[1](1841.85*)    0 1 11 19 39 70 0
Day[2](1823.7*)    0 1 11 18 64 69 0
Day[3](1765.84*)    0 1 11 17 33 74 0
Day[4](1705.9*)    0 1 11 19 42 93 0
Day[5](1916.27*)    0 1 11 18 56 82 0
Preseller 3: D = 164 Q = 0
Day[0](1828.95*)    0 2 12 15 50 85 0
Day[1](1880.99*)    0 2 12 14 34 77 0
Day[2](1761.19*)    0 2 12 16 53 98 0
Day[3](1853.05*)    0 2 12 15 47 91 0
Day[4](1982.03*)    0 2 12 14 31 79 0
Day[5](1739.96*)    0 2 12 16 36 72 0
Preseller 4: D = 164 Q = 0
Day[0](1687.46*)    0 6 10 28 65 94 0
Day[1](1956.73*)    0 6 10 30 51 75 0
Day[2](1532.55*)    0 6 10 29 45 86 0
Day[3](1768.97*)    0 6 10 28 57 81 0
Day[4](2029.3*)    0 6 10 30 58 89 0
Day[5](1597.89*)    0 6 10 29 60 71 0
Preseller 5: D = 164 Q = 0
Day[0](2041.94*)    0 3 8 27 62 97 0
Day[1](1979.18*)    0 3 8 22 46 84 0
Day[2](2449.94*)    0 3 8 26 35 73 0
Day[3](2084.32*)    0 3 8 27 48 101 0
Day[4](2128.84*)    0 3 8 22 43 68 0
Day[5](2478.34*)    0 3 8 26 32 76 0
Preseller 6: D = 164 Q = 0
Day[0](2369.83*)    0 5 7 24 44 78 0
Day[1](2077*)    0 5 7 23 54 99 0
Day[2](2495.2*)    0 5 7 25 41 88 0
Day[3](2490.95*)    0 5 7 24 52 67 0
Day[4](2177.7*)    0 5 7 23 59 100 0
Day[5](2075.75*)    0 5 7 25 37 0
