Truck 1: D = 0 Q = 20
Day[0](17)    0 1 6 15 49 33 0
Day[1](17)    0 1 6 13 28 32 0
Day[2](17)    0 1 6 14 42 35 0
Day[3](17)    0 1 6 15 30 23 0
Day[4](17)    0 1 6 13 29 38 0
Day[5](17)    0 1 6 14 47 24 0
Truck 2: D = 0 Q = 20
Day[0](17)    0 4 2 10 36 50 0
Day[1](17)    0 4 2 12 39 18 0
Day[2](17)    0 4 2 8 22 31 0
Day[3](17)    0 4 2 10 37 41 0
Day[4](17)    0 4 2 12 40 21 0
Day[5](17)    0 4 2 8 46 48 0
Truck 3: D = 0 Q = 20
Day[0](17)    0 5 3 7 44 16 0
Day[1](17)    0 5 3 9 26 27 0
Day[2](17)    0 5 3 11 20 25 0
Day[3](17)    0 5 3 7 45 19 0
Day[4](17)    0 5 3 9 34 17 0
Day[5](15)    0 5 3 11 43 0


Preseller 1: D = 97 Q = 0
Day[0](481.35*)    0 1 6 15 49 33 0
Day[1](646.248*)    0 1 6 13 28 32 0
Day[2](630.843*)    0 1 6 14 42 35 0
Day[3](621.503*)    0 1 6 15 30 23 0
Day[4](707.952*)    0 1 6 13 29 38 0
Day[5](535.494*)    0 1 6 14 47 24 0
Preseller 2: D = 97 Q = 0
Day[0](683.926*)    0 4 2 10 36 50 0
Day[1](579.838*)    0 4 2 12 39 18 0
Day[2](576.959*)    0 4 2 8 22 31 0
Day[3](757.587*)    0 4 2 10 37 41 0
Day[4](617.976*)    0 4 2 12 40 21 0
Day[5](600.443*)    0 4 2 8 46 48 0
Preseller 3: D = 97 Q = 0
Day[0](703.06*)    0 5 3 7 44 16 0
Day[1](429.451*)    0 5 3 9 26 27 0
Day[2](745.629*)    0 5 3 11 20 25 0
Day[3](714.776*)    0 5 3 7 45 19 0
Day[4](662.857*)    0 5 3 9 34 17 0
Day[5](609.434*)    0 5 3 11 43 0
