Truck 1: D = 0 Q = 20
Day[0](15)    0 5 7 20 34 39 0
Day[1](15)    0 5 7 17 32 46 0
Day[2](15)    0 5 7 20 34 43 0
Day[3](15)    0 5 7 17 32 55 0
Truck 2: D = 0 Q = 20
Day[0](15)    0 6 10 19 30 47 0
Day[1](15)    0 6 10 21 31 54 0
Day[2](15)    0 6 10 19 30 59 0
Day[3](15)    0 6 10 21 31 41 0
Truck 3: D = 0 Q = 20
Day[0](15)    0 1 9 24 33 40 0
Day[1](15)    0 1 9 15 25 48 0
Day[2](15)    0 1 9 24 33 51 0
Day[3](15)    0 1 9 15 25 42 0
Truck 4: D = 0 Q = 20
Day[0](15)    0 4 8 22 35 44 0
Day[1](15)    0 4 8 16 27 53 0
Day[2](15)    0 4 8 22 35 49 0
Day[3](15)    0 4 8 16 27 58 0
Truck 5: D = 0 Q = 20
Day[0](15)    0 2 11 23 26 38 0
Day[1](15)    0 2 11 18 36 45 0
Day[2](15)    0 2 11 23 26 57 0
Day[3](15)    0 2 11 18 36 56 0
Truck 6: D = 0 Q = 20
Day[0](15)    0 3 12 13 29 37 0
Day[1](15)    0 3 12 14 28 50 0
Day[2](15)    0 3 12 13 29 52 0
Day[3](14)    0 3 12 14 28 0


Preseller 1: D = 95 Q = 0
Day[0](465.303*)    0 5 7 20 34 39 0
Day[1](471.145*)    0 5 7 17 32 46 0
Day[2](476.963*)    0 5 7 20 34 43 0
Day[3](452.621*)    0 5 7 17 32 55 0
Preseller 2: D = 95 Q = 0
Day[0](352.895*)    0 6 10 19 30 47 0
Day[1](405.924*)    0 6 10 21 31 54 0
Day[2](413.389*)    0 6 10 19 30 59 0
Day[3](429.651*)    0 6 10 21 31 41 0
Preseller 3: D = 95 Q = 0
Day[0](456.526*)    0 1 9 24 33 40 0
Day[1](414.91*)    0 1 9 15 25 48 0
Day[2](406.133*)    0 1 9 24 33 51 0
Day[3](383.032*)    0 1 9 15 25 42 0
Preseller 4: D = 95 Q = 0
Day[0](399.063*)    0 4 8 22 35 44 0
Day[1](376.626*)    0 4 8 16 27 53 0
Day[2](391.911*)    0 4 8 22 35 49 0
Day[3](363.968*)    0 4 8 16 27 58 0
Preseller 5: D = 95 Q = 0
Day[0](343.901*)    0 2 11 23 26 38 0
Day[1](397.859*)    0 2 11 18 36 45 0
Day[2](377.669*)    0 2 11 23 26 57 0
Day[3](366.582*)    0 2 11 18 36 56 0
Preseller 6: D = 95 Q = 0
Day[0](369.247*)    0 3 12 13 29 37 0
Day[1](348.379*)    0 3 12 14 28 50 0
Day[2](363.856*)    0 3 12 13 29 52 0
Day[3](291.508*)    0 3 12 14 28 0
