Truck 1: D = 0 Q = 60
Day[0](55)    0 2 5 7 19 20 24 38 25 34 56 50 53 77 78 79 83 112 109 161 153 171 0
Day[1](55)    0 2 5 7 19 20 24 28 32 48 54 64 61 85 76 87 102 113 127 140 150 169 0
Day[2](55)    0 2 5 7 19 20 24 38 25 34 56 50 53 77 78 79 83 117 115 157 154 180 0
Day[3](55)    0 2 5 7 19 20 24 28 32 48 54 64 61 85 76 87 102 105 135 128 145 176 0
Truck 2: D = 0 Q = 60
Day[0](55)    0 8 1 6 14 11 22 30 26 41 59 68 75 82 84 94 101 108 129 125 172 159 0
Day[1](55)    0 8 1 6 14 11 22 29 39 40 62 58 51 88 91 86 89 119 136 148 143 177 0
Day[2](55)    0 8 1 6 14 11 22 30 26 41 59 68 75 82 84 94 101 110 133 165 162 179 0
Day[3](55)    0 8 1 6 14 11 22 29 39 40 62 58 51 88 91 86 89 120 106 134 181 167 0
Truck 3: D = 0 Q = 60
Day[0](55)    0 3 10 9 15 18 21 36 27 37 65 69 57 72 93 100 96 132 141 149 142 170 0
Day[1](55)    0 3 10 9 15 18 21 35 47 42 44 49 60 67 92 99 98 118 144 151 164 173 0
Day[2](55)    0 3 10 9 15 18 21 36 27 37 65 69 57 72 93 100 96 107 131 137 138 174 0
Day[3](55)    0 3 10 9 15 18 21 35 47 42 44 49 60 67 92 99 98 114 152 168 155 182 0
Truck 4: D = 0 Q = 60
Day[0](55)    0 4 12 13 17 16 23 46 43 55 63 73 71 70 80 103 97 124 126 163 146 178 0
Day[1](55)    0 4 12 13 17 16 23 31 33 45 52 74 66 95 81 90 104 111 122 156 147 183 0
Day[2](55)    0 4 12 13 17 16 23 46 43 55 63 73 71 70 80 103 97 116 130 139 166 175 0
Day[3](54)    0 4 12 13 17 16 23 31 33 45 52 74 66 95 81 90 104 123 121 160 158 0


Preseller 1: D = 812 Q = 0
Day[0](5720.33*)    0 2 5 7 19 20 24 38 25 34 56 50 53 77 78 79 83 112 109 161 153 171 0
Day[1](5691.59*)    0 2 5 7 19 20 24 28 32 48 54 64 61 85 76 87 102 113 127 140 150 169 0
Day[2](5782.97*)    0 2 5 7 19 20 24 38 25 34 56 50 53 77 78 79 83 117 115 157 154 180 0
Day[3](5447.76*)    0 2 5 7 19 20 24 28 32 48 54 64 61 85 76 87 102 105 135 128 145 176 0
Preseller 2: D = 812 Q = 0
Day[0](5738.31*)    0 8 1 6 14 11 22 30 26 41 59 68 75 82 84 94 101 108 129 125 172 159 0
Day[1](5961.33*)    0 8 1 6 14 11 22 29 39 40 62 58 51 88 91 86 89 119 136 148 143 177 0
Day[2](5718.42*)    0 8 1 6 14 11 22 30 26 41 59 68 75 82 84 94 101 110 133 165 162 179 0
Day[3](5873.48*)    0 8 1 6 14 11 22 29 39 40 62 58 51 88 91 86 89 120 106 134 181 167 0
Preseller 3: D = 812 Q = 0
Day[0](6564.44*)    0 3 10 9 15 18 21 36 27 37 65 69 57 72 93 100 96 132 141 149 142 170 0
Day[1](6210.12*)    0 3 10 9 15 18 21 35 47 42 44 49 60 67 92 99 98 118 144 151 164 173 0
Day[2](6238.82*)    0 3 10 9 15 18 21 36 27 37 65 69 57 72 93 100 96 107 131 137 138 174 0
Day[3](6023.7*)    0 3 10 9 15 18 21 35 47 42 44 49 60 67 92 99 98 114 152 168 155 182 0
Preseller 4: D = 812 Q = 0
Day[0](5571.33*)    0 4 12 13 17 16 23 46 43 55 63 73 71 70 80 103 97 124 126 163 146 178 0
Day[1](5884*)    0 4 12 13 17 16 23 31 33 45 52 74 66 95 81 90 104 111 122 156 147 183 0
Day[2](5971.83*)    0 4 12 13 17 16 23 46 43 55 63 73 71 70 80 103 97 116 130 139 166 175 0
Day[3](5569.62*)    0 4 12 13 17 16 23 31 33 45 52 74 66 95 81 90 104 123 121 160 158 0
