Truck 1: D = 0 Q = 40
Day[0](35)    0 3 10 17 20 31 33 51 78 84 92 111 103 136 0
Day[1](35)    0 3 10 17 20 28 27 54 64 79 68 113 134 124 0
Day[2](35)    0 3 10 17 20 31 33 51 78 84 92 109 101 128 0
Day[3](35)    0 3 10 17 20 28 27 54 64 79 68 98 138 165 0
Truck 2: D = 0 Q = 40
Day[0](35)    0 4 12 18 22 39 34 48 74 67 91 114 142 158 0
Day[1](35)    0 4 12 18 22 25 41 50 66 77 88 119 132 162 0
Day[2](35)    0 4 12 18 22 39 34 48 74 67 91 115 139 140 0
Day[3](35)    0 4 12 18 22 25 41 50 66 77 88 112 143 154 0
Truck 3: D = 0 Q = 40
Day[0](35)    0 1 2 16 21 30 32 42 83 70 90 120 122 163 0
Day[1](35)    0 1 2 16 21 37 45 53 72 63 89 107 130 149 0
Day[2](35)    0 1 2 16 21 30 32 42 83 70 90 105 137 159 0
Day[3](35)    0 1 2 16 21 37 45 53 72 63 89 108 141 167 0
Truck 4: D = 0 Q = 40
Day[0](35)    0 6 8 13 24 40 47 59 75 69 86 102 131 156 0
Day[1](35)    0 6 8 13 24 26 35 56 71 62 96 116 123 160 0
Day[2](35)    0 6 8 13 24 40 47 59 75 69 86 99 129 151 0
Day[3](35)    0 6 8 13 24 26 35 56 71 62 96 106 127 153 0
Truck 5: D = 0 Q = 40
Day[0](35)    0 5 7 15 23 29 38 43 73 76 95 118 121 145 0
Day[1](35)    0 5 7 15 23 44 55 60 65 81 87 104 133 166 0
Day[2](35)    0 5 7 15 23 29 38 43 73 76 95 100 125 164 0
Day[3](35)    0 5 7 15 23 44 55 60 65 81 87 135 157 155 0
Truck 6: D = 0 Q = 40
Day[0](35)    0 9 11 14 19 46 57 49 82 61 93 126 161 146 0
Day[1](35)    0 9 11 14 19 36 58 52 80 94 85 97 144 147 0
Day[2](35)    0 9 11 14 19 46 57 49 82 61 93 117 152 150 0
Day[3](34)    0 9 11 14 19 36 58 52 80 94 85 110 148 0


Preseller 1: D = 635 Q = 0
Day[0](3179.93*)    0 3 10 17 20 31 33 51 78 84 92 111 103 136 0
Day[1](2861.25*)    0 3 10 17 20 28 27 54 64 79 68 113 134 124 0
Day[2](3166.3*)    0 3 10 17 20 31 33 51 78 84 92 109 101 128 0
Day[3](2885.54*)    0 3 10 17 20 28 27 54 64 79 68 98 138 165 0
Preseller 2: D = 635 Q = 0
Day[0](2833.36*)    0 4 12 18 22 39 34 48 74 67 91 114 142 158 0
Day[1](2809.76*)    0 4 12 18 22 25 41 50 66 77 88 119 132 162 0
Day[2](2686.07*)    0 4 12 18 22 39 34 48 74 67 91 115 139 140 0
Day[3](2836.65*)    0 4 12 18 22 25 41 50 66 77 88 112 143 154 0
Preseller 3: D = 635 Q = 0
Day[0](2649.3*)    0 1 2 16 21 30 32 42 83 70 90 120 122 163 0
Day[1](2693.9*)    0 1 2 16 21 37 45 53 72 63 89 107 130 149 0
Day[2](2570.16*)    0 1 2 16 21 30 32 42 83 70 90 105 137 159 0
Day[3](2702.48*)    0 1 2 16 21 37 45 53 72 63 89 108 141 167 0
Preseller 4: D = 635 Q = 0
Day[0](2749.18*)    0 6 8 13 24 40 47 59 75 69 86 102 131 156 0
Day[1](2663.52*)    0 6 8 13 24 26 35 56 71 62 96 116 123 160 0
Day[2](2754.17*)    0 6 8 13 24 40 47 59 75 69 86 99 129 151 0
Day[3](2526.79*)    0 6 8 13 24 26 35 56 71 62 96 106 127 153 0
Preseller 5: D = 635 Q = 0
Day[0](2644.66*)    0 5 7 15 23 29 38 43 73 76 95 118 121 145 0
Day[1](2777.23*)    0 5 7 15 23 44 55 60 65 81 87 104 133 166 0
Day[2](2801.62*)    0 5 7 15 23 29 38 43 73 76 95 100 125 164 0
Day[3](2732.28*)    0 5 7 15 23 44 55 60 65 81 87 135 157 155 0
Preseller 6: D = 635 Q = 0
Day[0](2835.06*)    0 9 11 14 19 46 57 49 82 61 93 126 161 146 0
Day[1](2497.01*)    0 9 11 14 19 36 58 52 80 94 85 97 144 147 0
Day[2](2591.07*)    0 9 11 14 19 46 57 49 82 61 93 117 152 150 0
Day[3](2554.1*)    0 9 11 14 19 36 58 52 80 94 85 110 148 0
