Truck 1: D = 420 Q = 180
Day[0](167)    0 18 2 25 16 45 79 74 93 203 137 224 0
Day[1](187*)    0 18 2 25 16 45 72 106 63 98 204 189 219 0
Day[2](169)    0 18 2 25 16 45 79 74 93 208 122 239 131 0
Day[3](163)    0 18 2 25 16 45 72 106 63 98 161 145 175 0
Truck 2: D = 420 Q = 180
Day[0](166)    0 35 11 39 57 58 42 102 92 71 193 187 134 0
Day[1](169)    0 35 11 39 57 58 42 101 118 117 151 172 190 139 0
Day[2](170)    0 35 11 39 57 58 42 102 92 71 162 215 232 0
Day[3](168)    0 35 11 39 57 58 42 101 118 117 238 223 0
Truck 3: D = 420 Q = 180
Day[0](174)    0 30 55 15 56 7 60 6 50 85 75 70 225 133 174 169 0
Day[1](171)    0 30 55 15 56 7 60 6 50 105 112 144 159 0
Day[2](171)    0 30 55 15 56 7 60 6 50 85 75 70 211 178 237 233 199 0
Day[3](163)    0 30 55 15 56 7 60 6 50 105 112 142 147 210 0
Truck 4: D = 420 Q = 180
Day[0](170)    0 27 32 12 19 1 80 103 143 141 195 0
Day[1](167)    0 27 32 12 19 1 81 84 104 182 194 149 127 0
Day[2](169)    0 27 32 12 19 1 80 103 235 121 155 0
Day[3](164)    0 27 32 12 19 1 81 84 104 197 205 138 0
Truck 5: D = 420 Q = 180
Day[0](173)    0 43 14 21 17 31 99 91 65 78 212 177 180 0
Day[1](187*)    0 43 14 21 17 31 119 120 176 202 167 0
Day[2](179)    0 43 14 21 17 31 99 91 65 78 230 168 0
Day[3](177)    0 43 14 21 17 31 119 120 218 226 0
Truck 6: D = 420 Q = 180
Day[0](175)    0 29 37 24 36 8 54 38 83 109 111 82 166 135 186 0
Day[1](176)    0 29 37 24 36 8 54 38 67 110 217 148 236 0
Day[2](183*)    0 29 37 24 36 8 54 38 83 109 111 82 165 201 152 0
Day[3](178)    0 29 37 24 36 8 54 38 67 110 216 214 228 0
Truck 7: D = 420 Q = 180
Day[0](172)    0 9 40 28 48 46 61 116 89 158 192 0
Day[1](172)    0 9 40 28 48 46 107 87 96 86 179 207 184 0
Day[2](170)    0 9 40 28 48 46 61 116 89 213 200 0
Day[3](163)    0 9 40 28 48 46 107 87 96 86 153 154 183 229 0
Truck 8: D = 420 Q = 180
Day[0](166)    0 3 13 49 47 51 59 44 62 114 231 156 0
Day[1](169)    0 3 13 49 47 51 59 44 64 113 68 97 173 150 191 0
Day[2](169)    0 3 13 49 47 51 59 44 62 114 125 170 222 0
Day[3](164)    0 3 13 49 47 51 59 44 64 113 68 97 132 181 196 0
Truck 9: D = 420 Q = 180
Day[0](166)    0 20 26 5 33 53 10 52 66 95 123 128 227 146 234 0
Day[1](168)    0 20 26 5 33 53 10 52 88 90 76 188 185 0
Day[2](174)    0 20 26 5 33 53 10 52 66 95 157 171 0
Day[3](167)    0 20 26 5 33 53 10 52 88 90 76 163 140 130 0
Truck 10: D = 420 Q = 180
Day[0](166)    0 34 23 4 22 41 108 115 73 69 136 160 0
Day[1](173)    0 34 23 4 22 41 77 100 94 198 164 220 0
Day[2](182*)    0 34 23 4 22 41 108 115 73 69 206 221 209 0
Day[3](178)    0 34 23 4 22 41 77 100 94 129 124 126 0


Preseller 1: D = 947 Q = 0
Day[0](2550.59*)    0 18 2 25 16 45 79 74 93 203 137 224 0
Day[1](2603.7*)    0 18 2 25 16 45 72 106 63 98 204 189 219 0
Day[2](2638.59*)    0 18 2 25 16 45 79 74 93 208 122 239 131 0
Day[3](2593.65*)    0 18 2 25 16 45 72 106 63 98 161 145 175 0
Preseller 2: D = 947 Q = 0
Day[0](2498.54*)    0 35 11 39 57 58 42 102 92 71 193 187 134 0
Day[1](2410.05*)    0 35 11 39 57 58 42 101 118 117 151 172 190 139 0
Day[2](2469.13*)    0 35 11 39 57 58 42 102 92 71 162 215 232 0
Day[3](2321.9*)    0 35 11 39 57 58 42 101 118 117 238 223 0
Preseller 3: D = 947 Q = 0
Day[0](2809.19*)    0 30 55 15 56 7 60 6 50 85 75 70 225 133 174 169 0
Day[1](2522.83*)    0 30 55 15 56 7 60 6 50 105 112 144 159 0
Day[2](2875.57*)    0 30 55 15 56 7 60 6 50 85 75 70 211 178 237 233 199 0
Day[3](2576.67*)    0 30 55 15 56 7 60 6 50 105 112 142 147 210 0
Preseller 4: D = 947 Q = 0
Day[0](2065.68*)    0 27 32 12 19 1 80 103 143 141 195 0
Day[1](2370.22*)    0 27 32 12 19 1 81 84 104 182 194 149 127 0
Day[2](2115.54*)    0 27 32 12 19 1 80 103 235 121 155 0
Day[3](2081.02*)    0 27 32 12 19 1 81 84 104 197 205 138 0
Preseller 5: D = 947 Q = 0
Day[0](2324.16*)    0 43 14 21 17 31 99 91 65 78 212 177 180 0
Day[1](1958.93*)    0 43 14 21 17 31 119 120 176 202 167 0
Day[2](2155.44*)    0 43 14 21 17 31 99 91 65 78 230 168 0
Day[3](1907.62*)    0 43 14 21 17 31 119 120 218 226 0
Preseller 6: D = 947 Q = 0
Day[0](2530.13*)    0 29 37 24 36 8 54 38 83 109 111 82 166 135 186 0
Day[1](2229.09*)    0 29 37 24 36 8 54 38 67 110 217 148 236 0
Day[2](2660.69*)    0 29 37 24 36 8 54 38 83 109 111 82 165 201 152 0
Day[3](2132.11*)    0 29 37 24 36 8 54 38 67 110 216 214 228 0
Preseller 7: D = 947 Q = 0
Day[0](2066.55*)    0 9 40 28 48 46 61 116 89 158 192 0
Day[1](2334.05*)    0 9 40 28 48 46 107 87 96 86 179 207 184 0
Day[2](2055.77*)    0 9 40 28 48 46 61 116 89 213 200 0
Day[3](2401.26*)    0 9 40 28 48 46 107 87 96 86 153 154 183 229 0
Preseller 8: D = 947 Q = 0
Day[0](2219.2*)    0 3 13 49 47 51 59 44 62 114 231 156 0
Day[1](2539.5*)    0 3 13 49 47 51 59 44 64 113 68 97 173 150 191 0
Day[2](2248.26*)    0 3 13 49 47 51 59 44 62 114 125 170 222 0
Day[3](2579.25*)    0 3 13 49 47 51 59 44 64 113 68 97 132 181 196 0
Preseller 9: D = 947 Q = 0
Day[0](2361.45*)    0 20 26 5 33 53 10 52 66 95 123 128 227 146 234 0
Day[1](2292.54*)    0 20 26 5 33 53 10 52 88 90 76 188 185 0
Day[2](2345.34*)    0 20 26 5 33 53 10 52 66 95 157 171 0
Day[3](2299.01*)    0 20 26 5 33 53 10 52 88 90 76 163 140 130 0
Preseller 10: D = 947 Q = 0
Day[0](1997.61*)    0 34 23 4 22 41 108 115 73 69 136 160 0
Day[1](2058.55*)    0 34 23 4 22 41 77 100 94 198 164 220 0
Day[2](2192.71*)    0 34 23 4 22 41 108 115 73 69 206 221 209 0
Day[3](1989.63*)    0 34 23 4 22 41 77 100 94 129 124 126 0
