Truck 1: D = 0 Q = 160
Day[0](128)    0 5 8 48 6 3 39 22 37 10 0
Day[1](146)    0 34 47 33 7 23 4 31 1 26 17 0
Day[2](161*)    0 2 49 13 14 32 44 42 43 45 40 0
Day[3](169*)    0 12 20 25 38 30 35 28 21 46 36 0
Day[4](163*)    0 18 11 41 16 27 9 15 19 24 29 0


Preseller 1: D = 381 Q = 0
Day[0](472.137*)    0 5 8 48 6 3 39 22 37 10 0
Day[1](552.07*)    0 34 47 33 7 23 4 31 1 26 17 0
Day[2](553.521*)    0 2 49 13 14 32 44 42 43 45 40 0
Day[3](555.394*)    0 12 20 25 38 30 35 28 21 46 36 0
Day[4](615.12*)    0 18 11 41 16 27 9 15 19 24 29 0
