Truck 1: D = 500 Q = 200
Day[0](151)    0 8 3 5 11 2 32 31 27 48 53 61 0
Day[1](146)    0 8 3 5 11 2 30 26 24 47 50 62 0
Day[2](155)    0 8 3 5 11 2 32 31 27 41 40 69 0
Day[3](155)    0 8 3 5 11 2 30 26 24 54 58 0
Day[4](167)    0 8 3 5 11 2 32 31 27 37 49 65 0
Day[5](143)    0 8 3 5 11 2 30 26 24 52 40 56 0
Truck 2: D = 500 Q = 200
Day[0](155)    0 12 9 4 1 13 29 25 23 54 46 67 0
Day[1](148)    0 12 9 4 1 13 34 21 33 42 45 66 0
Day[2](148)    0 12 9 4 1 13 29 25 23 52 39 59 0
Day[3](143)    0 12 9 4 1 13 34 21 33 51 38 0
Day[4](156)    0 12 9 4 1 13 29 25 23 47 50 55 0
Day[5](142)    0 12 9 4 1 13 34 21 33 44 43 64 0
Truck 3: D = 500 Q = 200
Day[0](151)    0 15 7 10 18 16 17 14 6 35 22 20 51 38 57 0
Day[1](160)    0 15 7 10 18 16 17 14 6 19 36 28 37 49 63 0
Day[2](154)    0 15 7 10 18 16 17 14 6 35 22 20 44 43 71 0
Day[3](146)    0 15 7 10 18 16 17 14 6 19 36 28 48 53 46 70 68 0
Day[4](166)    0 15 7 10 18 16 17 14 6 35 22 20 42 45 60 0
Day[5](134)    0 15 7 10 18 16 17 14 6 19 36 28 41 39 0


Preseller 1: D = 291 Q = 0
Day[0](1043.24*)    0 8 3 5 11 2 32 31 27 48 53 61 0
Day[1](1181.69*)    0 8 3 5 11 2 30 26 24 47 50 62 0
Day[2](1109.85*)    0 8 3 5 11 2 32 31 27 41 40 69 0
Day[3](1193.67*)    0 8 3 5 11 2 30 26 24 54 58 0
Day[4](1119.61*)    0 8 3 5 11 2 32 31 27 37 49 65 0
Day[5](1102.96*)    0 8 3 5 11 2 30 26 24 52 40 56 0
Preseller 2: D = 291 Q = 0
Day[0](1266.9*)    0 12 9 4 1 13 29 25 23 54 46 67 0
Day[1](1265.92*)    0 12 9 4 1 13 34 21 33 42 45 66 0
Day[2](1275.38*)    0 12 9 4 1 13 29 25 23 52 39 59 0
Day[3](1207.62*)    0 12 9 4 1 13 34 21 33 51 38 0
Day[4](1132.53*)    0 12 9 4 1 13 29 25 23 47 50 55 0
Day[5](1232.57*)    0 12 9 4 1 13 34 21 33 44 43 64 0
Preseller 3: D = 291 Q = 0
Day[0](1586.13*)    0 15 7 10 18 16 17 14 6 35 22 20 51 38 57 0
Day[1](1409.54*)    0 15 7 10 18 16 17 14 6 19 36 28 37 49 63 0
Day[2](1482.65*)    0 15 7 10 18 16 17 14 6 35 22 20 44 43 71 0
Day[3](1523.16*)    0 15 7 10 18 16 17 14 6 19 36 28 48 53 46 70 68 0
Day[4](1544.46*)    0 15 7 10 18 16 17 14 6 35 22 20 42 45 60 0
Day[5](1370.74*)    0 15 7 10 18 16 17 14 6 19 36 28 41 39 0
