Truck 1: D = 400 Q = 175
Day[0](152)    0 40 26 28 7 123 83 136 282 240 0
Day[1](150)    0 40 26 28 7 143 134 269 263 0
Day[2](144)    0 40 26 28 7 123 83 136 245 174 0
Day[3](159)    0 40 26 28 7 143 134 194 260 145 226 0
Truck 2: D = 400 Q = 175
Day[0](145)    0 11 8 13 32 43 138 91 76 176 210 276 0
Day[1](145)    0 11 8 13 32 43 90 108 110 213 208 0
Day[2](144)    0 11 8 13 32 43 138 91 76 279 203 0
Day[3](146)    0 11 8 13 32 43 90 108 110 149 0
Truck 3: D = 400 Q = 175
Day[0](146)    0 39 23 41 12 35 63 42 116 105 139 140 270 253 169 0
Day[1](145)    0 39 23 41 12 35 63 42 82 103 156 165 280 159 0
Day[2](146)    0 39 23 41 12 35 63 42 116 105 139 140 151 286 0
Day[3](143)    0 39 23 41 12 35 63 42 82 103 153 181 171 0
Truck 4: D = 400 Q = 175
Day[0](145)    0 20 1 51 18 19 52 9 95 74 144 218 262 206 0
Day[1](146)    0 20 1 51 18 19 52 9 78 126 104 114 195 254 163 0
Day[2](146)    0 20 1 51 18 19 52 9 95 74 144 179 202 186 180 187 0
Day[3](146)    0 20 1 51 18 19 52 9 78 126 104 114 177 241 274 178 0
Truck 5: D = 400 Q = 175
Day[0](141)    0 50 57 38 36 46 56 129 75 80 272 247 146 243 0
Day[1](144)    0 50 57 38 36 46 56 73 101 85 184 227 185 0
Day[2](145)    0 50 57 38 36 46 56 129 75 80 155 190 251 161 0
Day[3](148)    0 50 57 38 36 46 56 73 101 85 220 248 0
Truck 6: D = 400 Q = 175
Day[0](142)    0 16 14 22 4 66 24 128 121 182 152 148 200 258 0
Day[1](145)    0 16 14 22 4 66 24 86 92 255 166 211 0
Day[2](163)    0 16 14 22 4 66 24 128 121 242 287 158 0
Day[3](156)    0 16 14 22 4 66 24 86 92 234 252 233 275 0
Truck 7: D = 400 Q = 175
Day[0](152)    0 33 31 5 17 72 62 10 135 117 89 173 216 257 0
Day[1](155)    0 33 31 5 17 72 62 10 130 100 119 249 285 214 0
Day[2](144)    0 33 31 5 17 72 62 10 135 117 89 230 217 162 0
Day[3](150)    0 33 31 5 17 72 62 10 130 100 119 168 157 0
Truck 8: D = 400 Q = 175
Day[0](145)    0 55 58 25 45 53 47 69 71 87 124 250 224 0
Day[1](144)    0 55 58 25 45 53 47 69 71 133 120 141 188 281 160 278 0
Day[2](150)    0 55 58 25 45 53 47 69 71 87 124 170 271 0
Day[3](148)    0 55 58 25 45 53 47 69 71 133 120 141 261 231 239 0
Truck 9: D = 400 Q = 175
Day[0](142)    0 67 15 29 65 64 61 37 59 111 131 154 277 235 0
Day[1](144)    0 67 15 29 65 64 61 37 59 127 112 84 209 167 207 0
Day[2](144)    0 67 15 29 65 64 61 37 59 111 131 265 273 175 236 266 0
Day[3](143)    0 67 15 29 65 64 61 37 59 127 112 84 228 150 283 199 0
Truck 10: D = 400 Q = 175
Day[0](153)    0 30 34 60 21 70 77 81 107 94 237 205 0
Day[1](146)    0 30 34 60 21 70 96 137 109 115 246 225 0
Day[2](146)    0 30 34 60 21 70 77 81 107 94 198 147 0
Day[3](149)    0 30 34 60 21 70 96 137 109 115 232 259 164 0
Truck 11: D = 400 Q = 175
Day[0](144)    0 49 27 3 6 113 97 88 98 267 201 222 0
Day[1](147)    0 49 27 3 6 125 122 132 142 284 221 238 212 0
Day[2](144)    0 49 27 3 6 113 97 88 98 268 196 204 0
Day[3](144)    0 49 27 3 6 125 122 132 142 215 197 0
Truck 12: D = 400 Q = 175
Day[0](140)    0 2 54 44 48 68 118 99 79 223 219 183 0
Day[1](155)    0 2 54 44 48 68 106 102 93 256 191 244 0
Day[2](156)    0 2 54 44 48 68 118 99 79 172 264 193 0
Day[3](151)    0 2 54 44 48 68 106 102 93 229 192 189 0


Preseller 1: D = 1013 Q = 0
Day[0](2169.64*)    0 40 26 28 7 123 83 136 282 240 0
Day[1](2122.89*)    0 40 26 28 7 143 134 269 263 0
Day[2](2271.73*)    0 40 26 28 7 123 83 136 245 174 0
Day[3](2387.7*)    0 40 26 28 7 143 134 194 260 145 226 0
Preseller 2: D = 1013 Q = 0
Day[0](2653.46*)    0 11 8 13 32 43 138 91 76 176 210 276 0
Day[1](2123.04*)    0 11 8 13 32 43 90 108 110 213 208 0
Day[2](2553.47*)    0 11 8 13 32 43 138 91 76 279 203 0
Day[3](2054.94*)    0 11 8 13 32 43 90 108 110 149 0
Preseller 3: D = 1013 Q = 0
Day[0](3009.41*)    0 39 23 41 12 35 63 42 116 105 139 140 270 253 169 0
Day[1](3181.31*)    0 39 23 41 12 35 63 42 82 103 156 165 280 159 0
Day[2](2938.29*)    0 39 23 41 12 35 63 42 116 105 139 140 151 286 0
Day[3](3125.86*)    0 39 23 41 12 35 63 42 82 103 153 181 171 0
Preseller 4: D = 1013 Q = 0
Day[0](2761.87*)    0 20 1 51 18 19 52 9 95 74 144 218 262 206 0
Day[1](2981.56*)    0 20 1 51 18 19 52 9 78 126 104 114 195 254 163 0
Day[2](2892.76*)    0 20 1 51 18 19 52 9 95 74 144 179 202 186 180 187 0
Day[3](2887.42*)    0 20 1 51 18 19 52 9 78 126 104 114 177 241 274 178 0
Preseller 5: D = 1013 Q = 0
Day[0](2612.29*)    0 50 57 38 36 46 56 129 75 80 272 247 146 243 0
Day[1](2461*)    0 50 57 38 36 46 56 73 101 85 184 227 185 0
Day[2](2588.65*)    0 50 57 38 36 46 56 129 75 80 155 190 251 161 0
Day[3](2244.61*)    0 50 57 38 36 46 56 73 101 85 220 248 0
Preseller 6: D = 1013 Q = 0
Day[0](2620.58*)    0 16 14 22 4 66 24 128 121 182 152 148 200 258 0
Day[1](2551.83*)    0 16 14 22 4 66 24 86 92 255 166 211 0
Day[2](2683.09*)    0 16 14 22 4 66 24 128 121 242 287 158 0
Day[3](2732.38*)    0 16 14 22 4 66 24 86 92 234 252 233 275 0
Preseller 7: D = 1013 Q = 0
Day[0](2644.93*)    0 33 31 5 17 72 62 10 135 117 89 173 216 257 0
Day[1](2722.26*)    0 33 31 5 17 72 62 10 130 100 119 249 285 214 0
Day[2](2724.25*)    0 33 31 5 17 72 62 10 135 117 89 230 217 162 0
Day[3](2526.39*)    0 33 31 5 17 72 62 10 130 100 119 168 157 0
Preseller 8: D = 1013 Q = 0
Day[0](2816.67*)    0 55 58 25 45 53 47 69 71 87 124 250 224 0
Day[1](3115.23*)    0 55 58 25 45 53 47 69 71 133 120 141 188 281 160 278 0
Day[2](2815.92*)    0 55 58 25 45 53 47 69 71 87 124 170 271 0
Day[3](3014.54*)    0 55 58 25 45 53 47 69 71 133 120 141 261 231 239 0
Preseller 9: D = 1013 Q = 0
Day[0](2713.41*)    0 67 15 29 65 64 61 37 59 111 131 154 277 235 0
Day[1](2967.95*)    0 67 15 29 65 64 61 37 59 127 112 84 209 167 207 0
Day[2](2849.19*)    0 67 15 29 65 64 61 37 59 111 131 265 273 175 236 266 0
Day[3](2932.29*)    0 67 15 29 65 64 61 37 59 127 112 84 228 150 283 199 0
Preseller 10: D = 1013 Q = 0
Day[0](2226.34*)    0 30 34 60 21 70 77 81 107 94 237 205 0
Day[1](2391.16*)    0 30 34 60 21 70 96 137 109 115 246 225 0
Day[2](2310.17*)    0 30 34 60 21 70 77 81 107 94 198 147 0
Day[3](2577*)    0 30 34 60 21 70 96 137 109 115 232 259 164 0
Preseller 11: D = 1013 Q = 0
Day[0](2406.49*)    0 49 27 3 6 113 97 88 98 267 201 222 0
Day[1](2680.72*)    0 49 27 3 6 125 122 132 142 284 221 238 212 0
Day[2](2542.76*)    0 49 27 3 6 113 97 88 98 268 196 204 0
Day[3](2429.92*)    0 49 27 3 6 125 122 132 142 215 197 0
Preseller 12: D = 1013 Q = 0
Day[0](2523.4*)    0 2 54 44 48 68 118 99 79 223 219 183 0
Day[1](2289.57*)    0 2 54 44 48 68 106 102 93 256 191 244 0
Day[2](2487.8*)    0 2 54 44 48 68 118 99 79 172 264 193 0
Day[3](2292.89*)    0 2 54 44 48 68 106 102 93 229 192 189 0
