Truck 1: D = 0 Q = 20
Day[0](17)    0 6 10 27 75 86 0
Day[1](17)    0 6 10 19 81 89 0
Day[2](17)    0 6 10 36 73 95 0
Day[3](17)    0 6 10 27 46 98 0
Day[4](17)    0 6 10 19 63 105 0
Day[5](17)    0 6 10 36 67 99 0
Truck 2: D = 0 Q = 20
Day[0](17)    0 8 9 21 54 88 0
Day[1](17)    0 8 9 22 58 91 0
Day[2](17)    0 8 9 20 72 102 0
Day[3](17)    0 8 9 21 70 90 0
Day[4](17)    0 8 9 22 77 101 0
Day[5](17)    0 8 9 20 56 84 0
Truck 3: D = 0 Q = 20
Day[0](17)    0 2 7 35 52 97 0
Day[1](17)    0 2 7 23 69 93 0
Day[2](17)    0 2 7 24 117 103 0
Day[3](17)    0 2 7 35 64 83 0
Day[4](17)    0 2 7 23 114 104 0
Day[5](17)    0 2 7 24 76 94 0
Truck 4: D = 0 Q = 20
Day[0](17)    0 4 17 34 108 147 0
Day[1](17)    0 4 17 26 66 149 0
Day[2](17)    0 4 17 25 112 150 0
Day[3](17)    0 4 17 34 110 151 0
Day[4](17)    0 4 17 26 74 144 0
Day[5](17)    0 4 17 25 113 152 0
Truck 5: D = 0 Q = 20
Day[0](17)    0 11 18 29 71 143 0
Day[1](17)    0 11 18 33 80 142 0
Day[2](17)    0 11 18 31 61 148 0
Day[3](17)    0 11 18 29 68 145 0
Day[4](17)    0 11 18 33 79 146 0
Day[5](17)    0 11 18 31 116 131 0
Truck 6: D = 0 Q = 20
Day[0](17)    0 3 15 43 62 138 0
Day[1](17)    0 3 15 32 106 132 0
Day[2](17)    0 3 15 44 107 127 0
Day[3](17)    0 3 15 43 65 118 0
Day[4](17)    0 3 15 32 48 125 0
Day[5](17)    0 3 15 44 59 134 0
Truck 7: D = 0 Q = 20
Day[0](17)    0 12 14 45 53 126 0
Day[1](17)    0 12 14 30 55 123 0
Day[2](17)    0 12 14 28 115 128 0
Day[3](17)    0 12 14 45 109 121 0
Day[4](17)    0 12 14 30 57 135 0
Day[5](17)    0 12 14 28 60 139 0
Truck 8: D = 0 Q = 20
Day[0](17)    0 1 16 41 47 122 0
Day[1](17)    0 1 16 37 50 119 0
Day[2](17)    0 1 16 42 100 120 0
Day[3](17)    0 1 16 41 92 141 0
Day[4](17)    0 1 16 37 85 136 0
Day[5](17)    0 1 16 42 51 129 0
Truck 9: D = 0 Q = 20
Day[0](17)    0 5 13 38 82 133 0
Day[1](17)    0 5 13 39 111 124 0
Day[2](17)    0 5 13 40 96 137 0
Day[3](17)    0 5 13 38 49 140 0
Day[4](17)    0 5 13 39 78 130 0
Day[5](15)    0 5 13 40 87 0


Preseller 1: D = 235 Q = 0
Day[0](2924.55*)    0 6 10 27 75 86 0
Day[1](2953.87*)    0 6 10 19 81 89 0
Day[2](3177.23*)    0 6 10 36 73 95 0
Day[3](2890.97*)    0 6 10 27 46 98 0
Day[4](3035.48*)    0 6 10 19 63 105 0
Day[5](3050.31*)    0 6 10 36 67 99 0
Preseller 2: D = 235 Q = 0
Day[0](2667.94*)    0 8 9 21 54 88 0
Day[1](2770.64*)    0 8 9 22 58 91 0
Day[2](2765.86*)    0 8 9 20 72 102 0
Day[3](2796.87*)    0 8 9 21 70 90 0
Day[4](2862.32*)    0 8 9 22 77 101 0
Day[5](2834.53*)    0 8 9 20 56 84 0
Preseller 3: D = 235 Q = 0
Day[0](2885.01*)    0 2 7 35 52 97 0
Day[1](2621.07*)    0 2 7 23 69 93 0
Day[2](2318.76*)    0 2 7 24 117 103 0
Day[3](2813.06*)    0 2 7 35 64 83 0
Day[4](2465.43*)    0 2 7 23 114 104 0
Day[5](2414*)    0 2 7 24 76 94 0
Preseller 4: D = 235 Q = 0
Day[0](3803.14*)    0 4 17 34 108 147 0
Day[1](3636.7*)    0 4 17 26 66 149 0
Day[2](3724.75*)    0 4 17 25 112 150 0
Day[3](4174.77*)    0 4 17 34 110 151 0
Day[4](3546.43*)    0 4 17 26 74 144 0
Day[5](3902.89*)    0 4 17 25 113 152 0
Preseller 5: D = 235 Q = 0
Day[0](4263.4*)    0 11 18 29 71 143 0
Day[1](3560.42*)    0 11 18 33 80 142 0
Day[2](3870.01*)    0 11 18 31 61 148 0
Day[3](4445.11*)    0 11 18 29 68 145 0
Day[4](3529.87*)    0 11 18 33 79 146 0
Day[5](4792.61*)    0 11 18 31 116 131 0
Preseller 6: D = 235 Q = 0
Day[0](3763.89*)    0 3 15 43 62 138 0
Day[1](4947.82*)    0 3 15 32 106 132 0
Day[2](4463.25*)    0 3 15 44 107 127 0
Day[3](3829.14*)    0 3 15 43 65 118 0
Day[4](4517.76*)    0 3 15 32 48 125 0
Day[5](4207.99*)    0 3 15 44 59 134 0
Preseller 7: D = 235 Q = 0
Day[0](4860.01*)    0 12 14 45 53 126 0
Day[1](4504.92*)    0 12 14 30 55 123 0
Day[2](4338.02*)    0 12 14 28 115 128 0
Day[3](4900.74*)    0 12 14 45 109 121 0
Day[4](4656.61*)    0 12 14 30 57 135 0
Day[5](4291.75*)    0 12 14 28 60 139 0
Preseller 8: D = 235 Q = 0
Day[0](6027.69*)    0 1 16 41 47 122 0
Day[1](6509.25*)    0 1 16 37 50 119 0
Day[2](6660.28*)    0 1 16 42 100 120 0
Day[3](6469.58*)    0 1 16 41 92 141 0
Day[4](6354.33*)    0 1 16 37 85 136 0
Day[5](6617.65*)    0 1 16 42 51 129 0
Preseller 9: D = 235 Q = 0
Day[0](6219.76*)    0 5 13 38 82 133 0
Day[1](6396.7*)    0 5 13 39 111 124 0
Day[2](6087.48*)    0 5 13 40 96 137 0
Day[3](5904.27*)    0 5 13 38 49 140 0
Day[4](6611.48*)    0 5 13 39 78 130 0
Day[5](5558.5*)    0 5 13 40 87 0
