Truck 1: D = 480 Q = 195
Day[0](164)    0 22 16 4 2 18 13 29 31 54 49 0
Day[1](150)    0 22 16 4 2 18 13 46 45 43 69 70 55 0
Day[2](166)    0 22 16 4 2 18 13 29 31 95 60 63 0
Day[3](156)    0 22 16 4 2 18 13 46 45 43 88 50 0
Truck 2: D = 480 Q = 195
Day[0](155)    0 9 24 6 23 5 25 33 34 71 66 74 0
Day[1](148)    0 9 24 6 23 5 44 47 40 87 56 73 67 0
Day[2](163)    0 9 24 6 23 5 25 33 34 64 89 77 68 0
Day[3](150)    0 9 24 6 23 5 44 47 40 52 53 84 0
Truck 3: D = 480 Q = 195
Day[0](156)    0 21 10 20 1 14 12 3 8 32 48 28 39 57 65 76 0
Day[1](159)    0 21 10 20 1 14 12 3 8 41 38 80 62 75 0
Day[2](161)    0 21 10 20 1 14 12 3 8 32 48 28 39 72 78 59 0
Day[3](152)    0 21 10 20 1 14 12 3 8 41 38 81 93 83 0
Truck 4: D = 480 Q = 195
Day[0](154)    0 17 15 19 11 7 35 26 27 61 79 94 82 0
Day[1](150)    0 17 15 19 11 7 42 37 36 30 91 51 0
Day[2](165)    0 17 15 19 11 7 35 26 27 58 92 0
Day[3](152)    0 17 15 19 11 7 42 37 36 30 85 86 90 0


Preseller 1: D = 439 Q = 0
Day[0](1421.94*)    0 22 16 4 2 18 13 29 31 54 49 0
Day[1](1447.48*)    0 22 16 4 2 18 13 46 45 43 69 70 55 0
Day[2](1561.47*)    0 22 16 4 2 18 13 29 31 95 60 63 0
Day[3](1393.38*)    0 22 16 4 2 18 13 46 45 43 88 50 0
Preseller 2: D = 439 Q = 0
Day[0](1362.14*)    0 9 24 6 23 5 25 33 34 71 66 74 0
Day[1](1473.22*)    0 9 24 6 23 5 44 47 40 87 56 73 67 0
Day[2](1503.25*)    0 9 24 6 23 5 25 33 34 64 89 77 68 0
Day[3](1346.57*)    0 9 24 6 23 5 44 47 40 52 53 84 0
Preseller 3: D = 439 Q = 0
Day[0](1765.27*)    0 21 10 20 1 14 12 3 8 32 48 28 39 57 65 76 0
Day[1](1524.07*)    0 21 10 20 1 14 12 3 8 41 38 80 62 75 0
Day[2](1708.93*)    0 21 10 20 1 14 12 3 8 32 48 28 39 72 78 59 0
Day[3](1403.85*)    0 21 10 20 1 14 12 3 8 41 38 81 93 83 0
Preseller 4: D = 439 Q = 0
Day[0](1439.29*)    0 17 15 19 11 7 35 26 27 61 79 94 82 0
Day[1](1290.2*)    0 17 15 19 11 7 42 37 36 30 91 51 0
Day[2](1360.73*)    0 17 15 19 11 7 35 26 27 58 92 0
Day[3](1323.11*)    0 17 15 19 11 7 42 37 36 30 85 86 90 0
