Truck 1: D = 0 Q = 20
Day[0](15)    0 4 10 27 72 105 0
Day[1](15)    0 4 10 26 62 102 0
Day[2](15)    0 4 10 36 55 97 0
Day[3](15)    0 4 10 27 47 88 0
Day[4](15)    0 4 10 26 46 92 0
Day[5](15)    0 4 10 36 64 94 0
Truck 2: D = 0 Q = 20
Day[0](15)    0 3 11 22 75 93 0
Day[1](15)    0 3 11 24 117 85 0
Day[2](15)    0 3 11 35 67 103 0
Day[3](15)    0 3 11 22 113 91 0
Day[4](15)    0 3 11 24 68 90 0
Day[5](15)    0 3 11 35 78 86 0
Truck 3: D = 0 Q = 20
Day[0](15)    0 1 7 19 110 84 0
Day[1](15)    0 1 7 20 109 101 0
Day[2](15)    0 1 7 21 56 104 0
Day[3](15)    0 1 7 19 60 83 0
Day[4](15)    0 1 7 20 71 100 0
Day[5](15)    0 1 7 21 66 99 0
Truck 4: D = 0 Q = 20
Day[0](15)    0 6 14 34 63 146 0
Day[1](15)    0 6 14 25 111 143 0
Day[2](15)    0 6 14 23 52 151 0
Day[3](15)    0 6 14 34 70 145 0
Day[4](15)    0 6 14 25 80 149 0
Day[5](15)    0 6 14 23 77 147 0
Truck 5: D = 0 Q = 20
Day[0](15)    0 2 18 33 50 152 0
Day[1](15)    0 2 18 31 48 150 0
Day[2](15)    0 2 18 29 54 148 0
Day[3](15)    0 2 18 33 53 142 0
Day[4](15)    0 2 18 31 114 144 0
Day[5](15)    0 2 18 29 61 138 0
Truck 6: D = 0 Q = 20
Day[0](15)    0 5 15 28 115 134 0
Day[1](15)    0 5 15 45 65 123 0
Day[2](15)    0 5 15 43 116 125 0
Day[3](15)    0 5 15 28 76 132 0
Day[4](15)    0 5 15 45 58 131 0
Day[5](15)    0 5 15 43 74 136 0
Truck 7: D = 0 Q = 20
Day[0](15)    0 8 16 44 107 130 0
Day[1](15)    0 8 16 30 81 141 0
Day[2](15)    0 8 16 32 51 118 0
Day[3](15)    0 8 16 44 69 121 0
Day[4](15)    0 8 16 30 59 127 0
Day[5](15)    0 8 16 32 79 135 0
Truck 8: D = 0 Q = 20
Day[0](15)    0 9 17 41 112 133 0
Day[1](15)    0 9 17 38 89 137 0
Day[2](15)    0 9 17 39 49 120 0
Day[3](15)    0 9 17 41 98 128 0
Day[4](15)    0 9 17 38 73 126 0
Day[5](15)    0 9 17 39 87 119 0
Truck 9: D = 0 Q = 20
Day[0](15)    0 12 13 42 82 122 0
Day[1](15)    0 12 13 37 96 124 0
Day[2](15)    0 12 13 40 108 140 0
Day[3](15)    0 12 13 42 106 139 0
Day[4](15)    0 12 13 37 57 129 0
Day[5](13)    0 12 13 40 95 0


Preseller 1: D = 233 Q = 0
Day[0](2676.13*)    0 4 10 27 72 105 0
Day[1](2536.68*)    0 4 10 26 62 102 0
Day[2](3024.71*)    0 4 10 36 55 97 0
Day[3](2684.06*)    0 4 10 27 47 88 0
Day[4](2693.18*)    0 4 10 26 46 92 0
Day[5](2898.55*)    0 4 10 36 64 94 0
Preseller 2: D = 233 Q = 0
Day[0](2479.49*)    0 3 11 22 75 93 0
Day[1](2609.15*)    0 3 11 24 117 85 0
Day[2](2572.19*)    0 3 11 35 67 103 0
Day[3](2642.37*)    0 3 11 22 113 91 0
Day[4](2679.88*)    0 3 11 24 68 90 0
Day[5](2640.62*)    0 3 11 35 78 86 0
Preseller 3: D = 233 Q = 0
Day[0](2721.2*)    0 1 7 19 110 84 0
Day[1](2674.84*)    0 1 7 20 109 101 0
Day[2](2475.41*)    0 1 7 21 56 104 0
Day[3](2471.04*)    0 1 7 19 60 83 0
Day[4](2412.03*)    0 1 7 20 71 100 0
Day[5](2494.02*)    0 1 7 21 66 99 0
Preseller 4: D = 233 Q = 0
Day[0](3478.07*)    0 6 14 34 63 146 0
Day[1](3835.04*)    0 6 14 25 111 143 0
Day[2](3803.24*)    0 6 14 23 52 151 0
Day[3](3348.83*)    0 6 14 34 70 145 0
Day[4](3576.95*)    0 6 14 25 80 149 0
Day[5](3573.19*)    0 6 14 23 77 147 0
Preseller 5: D = 233 Q = 0
Day[0](3332.6*)    0 2 18 33 50 152 0
Day[1](3904.51*)    0 2 18 31 48 150 0
Day[2](4090.14*)    0 2 18 29 54 148 0
Day[3](3375.04*)    0 2 18 33 53 142 0
Day[4](4196.05*)    0 2 18 31 114 144 0
Day[5](4608.36*)    0 2 18 29 61 138 0
Preseller 6: D = 233 Q = 0
Day[0](4024.54*)    0 5 15 28 115 134 0
Day[1](4702.05*)    0 5 15 45 65 123 0
Day[2](3882.21*)    0 5 15 43 116 125 0
Day[3](4162.56*)    0 5 15 28 76 132 0
Day[4](4661.29*)    0 5 15 45 58 131 0
Day[5](3722.52*)    0 5 15 43 74 136 0
Preseller 7: D = 233 Q = 0
Day[0](4482.7*)    0 8 16 44 107 130 0
Day[1](3992.28*)    0 8 16 30 81 141 0
Day[2](4517.14*)    0 8 16 32 51 118 0
Day[3](4059.02*)    0 8 16 44 69 121 0
Day[4](3928.37*)    0 8 16 30 59 127 0
Day[5](4528.01*)    0 8 16 32 79 135 0
Preseller 8: D = 233 Q = 0
Day[0](4998.61*)    0 9 17 41 112 133 0
Day[1](6814.13*)    0 9 17 38 89 137 0
Day[2](6211.82*)    0 9 17 39 49 120 0
Day[3](5061.44*)    0 9 17 41 98 128 0
Day[4](6735.7*)    0 9 17 38 73 126 0
Day[5](6056.7*)    0 9 17 39 87 119 0
Preseller 9: D = 233 Q = 0
Day[0](4696.33*)    0 12 13 42 82 122 0
Day[1](5608.07*)    0 12 13 37 96 124 0
Day[2](6719.08*)    0 12 13 40 108 140 0
Day[3](5286.65*)    0 12 13 42 106 139 0
Day[4](5058.16*)    0 12 13 37 57 129 0
Day[5](4916.15*)    0 12 13 40 95 0
