Truck 1: D = 500 Q = 200
Day[0](145)    0 7 8 2 5 11 4 6 24 23 15 45 31 44 0
Day[1](151)    0 7 8 2 5 11 4 6 22 14 13 35 42 26 0
Day[2](158)    0 7 8 2 5 11 4 6 24 23 15 47 30 41 28 0
Day[3](150)    0 7 8 2 5 11 4 6 22 14 13 34 33 0
Truck 2: D = 500 Q = 200
Day[0](156)    0 10 9 3 1 12 16 20 17 32 36 46 0
Day[1](152)    0 10 9 3 1 12 21 18 19 39 25 40 0
Day[2](150)    0 10 9 3 1 12 16 20 17 43 38 0
Day[3](157)    0 10 9 3 1 12 21 18 19 29 37 27 0


Preseller 1: D = 264 Q = 0
Day[0](1124.4*)    0 7 8 2 5 11 4 6 24 23 15 45 31 44 0
Day[1](1206.22*)    0 7 8 2 5 11 4 6 22 14 13 35 42 26 0
Day[2](1161.17*)    0 7 8 2 5 11 4 6 24 23 15 47 30 41 28 0
Day[3](1176.13*)    0 7 8 2 5 11 4 6 22 14 13 34 33 0
Preseller 2: D = 264 Q = 0
Day[0](941.745*)    0 10 9 3 1 12 16 20 17 32 36 46 0
Day[1](942.512*)    0 10 9 3 1 12 21 18 19 39 25 40 0
Day[2](844.83*)    0 10 9 3 1 12 16 20 17 43 38 0
Day[3](954.542*)    0 10 9 3 1 12 21 18 19 29 37 27 0
