Truck 1: D = 440 Q = 185
Day[0](159)    0 8 9 29 19 2 90 96 83 190 117 126 0
Day[1](151)    0 8 9 29 19 2 91 78 82 157 191 0
Day[2](153)    0 8 9 29 19 2 90 96 83 113 103 173 112 0
Day[3](150)    0 8 9 29 19 2 91 78 82 174 163 176 167 122 0
Truck 2: D = 440 Q = 185
Day[0](157)    0 12 38 47 35 43 11 56 84 87 75 188 149 0
Day[1](152)    0 12 38 47 35 43 11 61 86 97 134 116 0
Day[2](153)    0 12 38 47 35 43 11 56 84 87 75 110 140 0
Day[3](148)    0 12 38 47 35 43 11 61 86 106 101 0
Truck 3: D = 440 Q = 185
Day[0](157)    0 37 18 36 1 15 17 48 65 92 76 123 133 0
Day[1](160)    0 37 18 36 1 15 17 48 63 54 72 70 185 178 147 0
Day[2](162)    0 37 18 36 1 15 17 48 65 92 76 99 107 0
Day[3](154)    0 37 18 36 1 15 17 48 63 54 72 70 189 120 0
Truck 4: D = 440 Q = 185
Day[0](158)    0 3 33 41 13 28 27 20 79 94 57 109 145 183 0
Day[1](151)    0 3 33 41 13 28 27 20 49 50 77 55 180 160 136 166 0
Day[2](153)    0 3 33 41 13 28 27 20 79 94 57 175 131 0
Day[3](155)    0 3 33 41 13 28 27 20 49 50 77 55 121 179 0
Truck 5: D = 440 Q = 185
Day[0](160)    0 26 44 10 30 7 51 71 64 137 187 141 0
Day[1](159)    0 26 44 10 30 7 89 93 88 59 152 100 184 172 0
Day[2](156)    0 26 44 10 30 7 51 71 64 168 171 130 156 181 0
Day[3](156)    0 26 44 10 30 7 89 93 88 59 104 102 158 0
Truck 6: D = 440 Q = 185
Day[0](162)    0 16 14 25 5 6 34 45 62 81 68 144 154 150 111 0
Day[1](151)    0 16 14 25 5 6 34 45 66 53 161 155 125 0
Day[2](157)    0 16 14 25 5 6 34 45 62 81 68 153 139 108 0
Day[3](157)    0 16 14 25 5 6 34 45 66 53 186 127 0
Truck 7: D = 440 Q = 185
Day[0](160)    0 23 22 32 24 46 21 67 74 52 98 165 182 105 0
Day[1](152)    0 23 22 32 24 46 21 80 85 138 132 0
Day[2](152)    0 23 22 32 24 46 21 67 74 52 146 129 0
Day[3](147)    0 23 22 32 24 46 21 80 85 169 128 170 0
Truck 8: D = 440 Q = 185
Day[0](163)    0 39 42 31 4 40 58 60 124 142 159 0
Day[1](150)    0 39 42 31 4 40 95 69 73 151 177 164 0
Day[2](152)    0 39 42 31 4 40 58 60 115 148 143 162 0
Day[3](159)    0 39 42 31 4 40 95 69 73 135 119 114 118 0


Preseller 1: D = 766 Q = 0
Day[0](2070.56*)    0 8 9 29 19 2 90 96 83 190 117 126 0
Day[1](2015.27*)    0 8 9 29 19 2 91 78 82 157 191 0
Day[2](2265.48*)    0 8 9 29 19 2 90 96 83 113 103 173 112 0
Day[3](2183.19*)    0 8 9 29 19 2 91 78 82 174 163 176 167 122 0
Preseller 2: D = 766 Q = 0
Day[0](2075.82*)    0 12 38 47 35 43 11 56 84 87 75 188 149 0
Day[1](2030.09*)    0 12 38 47 35 43 11 61 86 97 134 116 0
Day[2](2192.89*)    0 12 38 47 35 43 11 56 84 87 75 110 140 0
Day[3](1967.51*)    0 12 38 47 35 43 11 61 86 106 101 0
Preseller 3: D = 766 Q = 0
Day[0](1919.82*)    0 37 18 36 1 15 17 48 65 92 76 123 133 0
Day[1](2241.53*)    0 37 18 36 1 15 17 48 63 54 72 70 185 178 147 0
Day[2](1992.14*)    0 37 18 36 1 15 17 48 65 92 76 99 107 0
Day[3](2035.41*)    0 37 18 36 1 15 17 48 63 54 72 70 189 120 0
Preseller 4: D = 766 Q = 0
Day[0](2189.9*)    0 3 33 41 13 28 27 20 79 94 57 109 145 183 0
Day[1](2332.32*)    0 3 33 41 13 28 27 20 49 50 77 55 180 160 136 166 0
Day[2](2186.61*)    0 3 33 41 13 28 27 20 79 94 57 175 131 0
Day[3](2161.07*)    0 3 33 41 13 28 27 20 49 50 77 55 121 179 0
Preseller 5: D = 766 Q = 0
Day[0](1908.16*)    0 26 44 10 30 7 51 71 64 137 187 141 0
Day[1](2082.97*)    0 26 44 10 30 7 89 93 88 59 152 100 184 172 0
Day[2](2052.31*)    0 26 44 10 30 7 51 71 64 168 171 130 156 181 0
Day[3](1917.54*)    0 26 44 10 30 7 89 93 88 59 104 102 158 0
Preseller 6: D = 766 Q = 0
Day[0](2288.21*)    0 16 14 25 5 6 34 45 62 81 68 144 154 150 111 0
Day[1](2086.46*)    0 16 14 25 5 6 34 45 66 53 161 155 125 0
Day[2](2272.78*)    0 16 14 25 5 6 34 45 62 81 68 153 139 108 0
Day[3](1905.38*)    0 16 14 25 5 6 34 45 66 53 186 127 0
Preseller 7: D = 766 Q = 0
Day[0](1975.39*)    0 23 22 32 24 46 21 67 74 52 98 165 182 105 0
Day[1](1709.73*)    0 23 22 32 24 46 21 80 85 138 132 0
Day[2](1930.38*)    0 23 22 32 24 46 21 67 74 52 146 129 0
Day[3](1907.91*)    0 23 22 32 24 46 21 80 85 169 128 170 0
Preseller 8: D = 766 Q = 0
Day[0](1917.27*)    0 39 42 31 4 40 58 60 124 142 159 0
Day[1](1854.22*)    0 39 42 31 4 40 95 69 73 151 177 164 0
Day[2](1880.59*)    0 39 42 31 4 40 58 60 115 148 143 162 0
Day[3](1947.22*)    0 39 42 31 4 40 95 69 73 135 119 114 118 0
