Truck 1: D = 0 Q = 20
Day[0](16)    0 5 3 22 53 86 0
Day[1](16)    0 5 3 35 69 87 0
Day[2](16)    0 5 3 25 72 92 0
Day[3](16)    0 5 3 22 46 97 0
Day[4](16)    0 5 3 35 63 98 0
Day[5](16)    0 5 3 25 60 94 0
Truck 2: D = 0 Q = 20
Day[0](16)    0 4 12 21 70 102 0
Day[1](16)    0 4 12 24 77 82 0
Day[2](16)    0 4 12 27 115 84 0
Day[3](16)    0 4 12 21 111 83 0
Day[4](16)    0 4 12 24 55 101 0
Day[5](16)    0 4 12 27 76 105 0
Truck 3: D = 0 Q = 20
Day[0](16)    0 6 1 34 114 99 0
Day[1](16)    0 6 1 20 68 104 0
Day[2](16)    0 6 1 36 79 103 0
Day[3](16)    0 6 1 34 73 96 0
Day[4](16)    0 6 1 20 81 90 0
Day[5](16)    0 6 1 36 64 93 0
Truck 4: D = 0 Q = 20
Day[0](16)    0 7 16 19 62 149 0
Day[1](16)    0 7 16 23 108 147 0
Day[2](16)    0 7 16 26 65 143 0
Day[3](16)    0 7 16 19 61 145 0
Day[4](16)    0 7 16 23 71 150 0
Day[5](16)    0 7 16 26 67 146 0
Truck 5: D = 0 Q = 20
Day[0](16)    0 10 15 29 50 151 0
Day[1](16)    0 10 15 31 49 125 0
Day[2](16)    0 10 15 33 54 152 0
Day[3](16)    0 10 15 29 116 148 0
Day[4](16)    0 10 15 31 78 142 0
Day[5](16)    0 10 15 33 74 144 0
Truck 6: D = 0 Q = 20
Day[0](16)    0 2 14 28 110 127 0
Day[1](16)    0 2 14 30 58 131 0
Day[2](16)    0 2 14 44 47 118 0
Day[3](16)    0 2 14 28 52 132 0
Day[4](16)    0 2 14 30 59 123 0
Day[5](16)    0 2 14 44 56 138 0
Truck 7: D = 0 Q = 20
Day[0](16)    0 9 17 45 51 126 0
Day[1](16)    0 9 17 43 66 122 0
Day[2](16)    0 9 17 32 80 128 0
Day[3](16)    0 9 17 45 75 141 0
Day[4](16)    0 9 17 43 57 136 0
Day[5](16)    0 9 17 32 112 130 0
Truck 8: D = 0 Q = 20
Day[0](16)    0 8 18 41 113 124 0
Day[1](16)    0 8 18 42 107 121 0
Day[2](16)    0 8 18 38 85 140 0
Day[3](16)    0 8 18 41 48 134 0
Day[4](16)    0 8 18 42 100 135 0
Day[5](16)    0 8 18 38 117 139 0
Truck 9: D = 0 Q = 20
Day[0](16)    0 11 13 40 88 119 0
Day[1](16)    0 11 13 37 95 120 0
Day[2](16)    0 11 13 39 89 129 0
Day[3](16)    0 11 13 40 106 133 0
Day[4](16)    0 11 13 37 109 137 0
Day[5](14)    0 11 13 39 91 0


Preseller 1: D = 234 Q = 0
Day[0](2438.4*)    0 5 3 22 53 86 0
Day[1](2701.84*)    0 5 3 35 69 87 0
Day[2](2225.02*)    0 5 3 25 72 92 0
Day[3](2616.4*)    0 5 3 22 46 97 0
Day[4](2517.3*)    0 5 3 35 63 98 0
Day[5](2299.15*)    0 5 3 25 60 94 0
Preseller 2: D = 234 Q = 0
Day[0](2821.73*)    0 4 12 21 70 102 0
Day[1](2702.41*)    0 4 12 24 77 82 0
Day[2](2897.46*)    0 4 12 27 115 84 0
Day[3](3189.21*)    0 4 12 21 111 83 0
Day[4](2817.24*)    0 4 12 24 55 101 0
Day[5](2650.44*)    0 4 12 27 76 105 0
Preseller 3: D = 234 Q = 0
Day[0](2501.03*)    0 6 1 34 114 99 0
Day[1](2164.49*)    0 6 1 20 68 104 0
Day[2](2240.61*)    0 6 1 36 79 103 0
Day[3](2331.7*)    0 6 1 34 73 96 0
Day[4](2284.43*)    0 6 1 20 81 90 0
Day[5](2314.81*)    0 6 1 36 64 93 0
Preseller 4: D = 234 Q = 0
Day[0](4242.92*)    0 7 16 19 62 149 0
Day[1](4457.03*)    0 7 16 23 108 147 0
Day[2](4083.84*)    0 7 16 26 65 143 0
Day[3](4298.37*)    0 7 16 19 61 145 0
Day[4](4184.41*)    0 7 16 23 71 150 0
Day[5](4074.1*)    0 7 16 26 67 146 0
Preseller 5: D = 234 Q = 0
Day[0](3623.12*)    0 10 15 29 50 151 0
Day[1](4541.07*)    0 10 15 31 49 125 0
Day[2](4550.13*)    0 10 15 33 54 152 0
Day[3](3813.04*)    0 10 15 29 116 148 0
Day[4](4208.34*)    0 10 15 31 78 142 0
Day[5](4503.35*)    0 10 15 33 74 144 0
Preseller 6: D = 234 Q = 0
Day[0](3830.04*)    0 2 14 28 110 127 0
Day[1](4129.18*)    0 2 14 30 58 131 0
Day[2](4772.14*)    0 2 14 44 47 118 0
Day[3](3788.37*)    0 2 14 28 52 132 0
Day[4](4271.48*)    0 2 14 30 59 123 0
Day[5](4788.89*)    0 2 14 44 56 138 0
Preseller 7: D = 234 Q = 0
Day[0](4918.82*)    0 9 17 45 51 126 0
Day[1](5373.92*)    0 9 17 43 66 122 0
Day[2](4208.51*)    0 9 17 32 80 128 0
Day[3](4904.7*)    0 9 17 45 75 141 0
Day[4](5216.53*)    0 9 17 43 57 136 0
Day[5](3949.77*)    0 9 17 32 112 130 0
Preseller 8: D = 234 Q = 0
Day[0](5554.34*)    0 8 18 41 113 124 0
Day[1](5340.37*)    0 8 18 42 107 121 0
Day[2](6643.66*)    0 8 18 38 85 140 0
Day[3](5590.16*)    0 8 18 41 48 134 0
Day[4](5072.44*)    0 8 18 42 100 135 0
Day[5](6864.53*)    0 8 18 38 117 139 0
Preseller 9: D = 234 Q = 0
Day[0](7084.98*)    0 11 13 40 88 119 0
Day[1](6159.97*)    0 11 13 37 95 120 0
Day[2](6599.59*)    0 11 13 39 89 129 0
Day[3](7298*)    0 11 13 40 106 133 0
Day[4](5671*)    0 11 13 37 109 137 0
Day[5](5307.22*)    0 11 13 39 91 0
