Truck 1: D = 460 Q = 190
Day[0](158)    0 5 4 27 20 64 51 54 117 115 114 0
Day[1](155)    0 5 4 27 20 59 40 138 110 0
Day[2](154)    0 5 4 27 20 64 51 54 82 90 0
Day[3](156)    0 5 4 27 20 59 40 137 84 103 0
Truck 2: D = 460 Q = 190
Day[0](158)    0 35 33 2 28 12 11 8 44 50 127 96 141 0
Day[1](154)    0 35 33 2 28 12 11 8 66 37 62 60 123 129 131 0
Day[2](160)    0 35 33 2 28 12 11 8 44 50 87 99 88 0
Day[3](155)    0 35 33 2 28 12 11 8 66 37 62 60 139 106 95 116 0
Truck 3: D = 460 Q = 190
Day[0](155)    0 10 22 14 3 17 6 31 56 49 118 135 73 0
Day[1](151)    0 10 22 14 3 17 6 31 53 63 42 69 130 143 140 0
Day[2](156)    0 10 22 14 3 17 6 31 56 49 134 132 76 0
Day[3](153)    0 10 22 14 3 17 6 31 53 63 42 69 104 86 97 101 0
Truck 4: D = 460 Q = 190
Day[0](156)    0 7 29 23 1 21 13 36 65 61 81 100 0
Day[1](155)    0 7 29 23 1 21 13 36 52 47 124 126 77 0
Day[2](154)    0 7 29 23 1 21 13 36 65 61 78 125 121 0
Day[3](158)    0 7 29 23 1 21 13 36 52 47 93 119 0
Truck 5: D = 460 Q = 190
Day[0](155)    0 32 26 24 9 15 30 39 58 68 46 55 107 108 112 0
Day[1](152)    0 32 26 24 9 15 30 38 41 57 133 109 92 98 0
Day[2](156)    0 32 26 24 9 15 30 39 58 68 46 55 91 79 113 0
Day[3](153)    0 32 26 24 9 15 30 38 41 57 75 74 0
Truck 6: D = 460 Q = 190
Day[0](156)    0 18 25 19 16 34 48 45 70 72 142 102 120 85 0
Day[1](150)    0 18 25 19 16 34 43 71 67 80 136 89 0
Day[2](153)    0 18 25 19 16 34 48 45 70 72 128 122 105 83 0
Day[3](152)    0 18 25 19 16 34 43 71 67 94 111 0


Preseller 1: D = 561 Q = 0
Day[0](1426.94*)    0 5 4 27 20 64 51 54 117 115 114 0
Day[1](1432.31*)    0 5 4 27 20 59 40 138 110 0
Day[2](1289.05*)    0 5 4 27 20 64 51 54 82 90 0
Day[3](1496.1*)    0 5 4 27 20 59 40 137 84 103 0
Preseller 2: D = 561 Q = 0
Day[0](1890.2*)    0 35 33 2 28 12 11 8 44 50 127 96 141 0
Day[1](2131.47*)    0 35 33 2 28 12 11 8 66 37 62 60 123 129 131 0
Day[2](1859.31*)    0 35 33 2 28 12 11 8 44 50 87 99 88 0
Day[3](2169.87*)    0 35 33 2 28 12 11 8 66 37 62 60 139 106 95 116 0
Preseller 3: D = 561 Q = 0
Day[0](1834.86*)    0 10 22 14 3 17 6 31 56 49 118 135 73 0
Day[1](2029.62*)    0 10 22 14 3 17 6 31 53 63 42 69 130 143 140 0
Day[2](1885.39*)    0 10 22 14 3 17 6 31 56 49 134 132 76 0
Day[3](2072.04*)    0 10 22 14 3 17 6 31 53 63 42 69 104 86 97 101 0
Preseller 4: D = 561 Q = 0
Day[0](2035.57*)    0 7 29 23 1 21 13 36 65 61 81 100 0
Day[1](1927.75*)    0 7 29 23 1 21 13 36 52 47 124 126 77 0
Day[2](2086.16*)    0 7 29 23 1 21 13 36 65 61 78 125 121 0
Day[3](1889.67*)    0 7 29 23 1 21 13 36 52 47 93 119 0
Preseller 5: D = 561 Q = 0
Day[0](1962.44*)    0 32 26 24 9 15 30 39 58 68 46 55 107 108 112 0
Day[1](1979.26*)    0 32 26 24 9 15 30 38 41 57 133 109 92 98 0
Day[2](2110.81*)    0 32 26 24 9 15 30 39 58 68 46 55 91 79 113 0
Day[3](1776.76*)    0 32 26 24 9 15 30 38 41 57 75 74 0
Preseller 6: D = 561 Q = 0
Day[0](1912.23*)    0 18 25 19 16 34 48 45 70 72 142 102 120 85 0
Day[1](1725.61*)    0 18 25 19 16 34 43 71 67 80 136 89 0
Day[2](1925.44*)    0 18 25 19 16 34 48 45 70 72 128 122 105 83 0
Day[3](1723.66*)    0 18 25 19 16 34 43 71 67 94 111 0
