Truck 1: D = 0 Q = 140
Day[0](129)    0 46 30 52 62 29 74 13 69 0
Day[1](139)    0 4 10 47 43 22 19 35 65 0
Truck 2: D = 0 Q = 140
Day[0](133)    0 2 33 12 20 63 54 15 55 0
Day[1](137)    0 67 9 56 50 68 57 23 0
Truck 3: D = 0 Q = 140
Day[0](132)    0 45 17 16 38 51 3 36 60 0
Day[1](138)    0 28 32 8 27 64 41 49 0
Truck 4: D = 0 Q = 140
Day[0](131)    0 66 14 39 1 25 61 0
Day[1](138)    0 40 58 6 24 37 18 42 0
Truck 5: D = 0 Q = 140
Day[0](129)    0 11 34 48 53 59 73 72 0
Day[1](138)    0 5 21 7 26 44 31 70 71 0


Preseller 1: D = 458 Q = 0
Day[0](501.436*)    0 46 30 52 62 29 74 13 69 0
Day[1](549.445*)    0 4 10 47 43 22 19 35 65 0
Preseller 2: D = 458 Q = 0
Day[0](578.16*)    0 2 33 12 20 63 54 15 55 0
Day[1](471.801*)    0 67 9 56 50 68 57 23 0
Preseller 3: D = 458 Q = 0
Day[0](528.502*)    0 45 17 16 38 51 3 36 60 0
Day[1](461.464*)    0 28 32 8 27 64 41 49 0
Preseller 4: D = 458 Q = 0
Day[0](429.349)    0 66 14 39 1 25 61 0
Day[1](512.529*)    0 40 58 6 24 37 18 42 0
Preseller 5: D = 458 Q = 0
Day[0](431.588)    0 11 34 48 53 59 73 72 0
Day[1](519.297*)    0 5 21 7 26 44 31 70 71 0
