Truck 1: D = 425 Q = 170
Day[0](161)    0 35 54 40 39 10 13 37 94 117 160 154 258 0
Day[1](164)    0 35 54 40 39 10 13 37 110 83 85 163 281 0
Day[2](157)    0 35 54 40 39 10 13 37 94 117 206 275 0
Day[3](156)    0 35 54 40 39 10 13 37 110 83 85 200 176 253 0
Day[4](155)    0 35 54 40 39 10 13 37 94 117 172 244 0
Day[5](162)    0 35 54 40 39 10 13 37 110 83 85 171 169 280 0
Truck 2: D = 425 Q = 170
Day[0](167)    0 51 36 11 66 24 53 112 127 135 178 211 285 0
Day[1](166)    0 51 36 11 66 24 53 96 80 74 153 145 219 0
Day[2](167)    0 51 36 11 66 24 53 112 127 135 208 214 165 234 0
Day[3](161)    0 51 36 11 66 24 53 96 80 74 187 230 0
Day[4](155)    0 51 36 11 66 24 53 112 127 135 151 186 202 203 265 0
Day[5](167)    0 51 36 11 66 24 53 96 80 74 157 174 277 0
Truck 3: D = 425 Q = 170
Day[0](162)    0 42 28 27 4 100 131 78 170 164 199 231 0
Day[1](162)    0 42 28 27 4 101 103 95 113 146 149 237 223 0
Day[2](166)    0 42 28 27 4 100 131 78 180 197 226 255 0
Day[3](165)    0 42 28 27 4 101 103 95 113 207 195 0
Day[4](164)    0 42 28 27 4 100 131 78 179 156 145 263 0
Day[5](171*)    0 42 28 27 4 101 103 95 113 181 165 228 0
Truck 4: D = 425 Q = 170
Day[0](153)    0 2 32 62 55 41 30 109 119 99 191 212 232 0
Day[1](167)    0 2 32 62 55 41 30 141 136 90 179 150 272 0
Day[2](158)    0 2 32 62 55 41 30 109 119 99 188 273 0
Day[3](170)    0 2 32 62 55 41 30 141 136 90 170 147 249 0
Day[4](154)    0 2 32 62 55 41 30 109 119 99 168 182 0
Day[5](156)    0 2 32 62 55 41 30 141 136 90 180 214 193 167 282 0
Truck 5: D = 425 Q = 170
Day[0](161)    0 49 16 72 6 47 64 68 12 33 129 93 124 79 107 152 187 217 0
Day[1](160)    0 49 16 72 6 47 64 68 12 33 73 98 122 88 205 215 148 251 0
Day[2](167)    0 49 16 72 6 47 64 68 12 33 129 93 124 79 107 213 189 243 0
Day[3](162)    0 49 16 72 6 47 64 68 12 33 73 98 122 88 158 204 229 0
Day[4](156)    0 49 16 72 6 47 64 68 12 33 129 93 124 79 107 173 270 0
Day[5](163)    0 49 16 72 6 47 64 68 12 33 73 98 122 88 155 197 274 239 0
Truck 6: D = 425 Q = 170
Day[0](155)    0 9 56 59 5 15 58 143 89 166 190 233 0
Day[1](160)    0 9 56 59 5 15 58 138 121 82 172 227 0
Day[2](150)    0 9 56 59 5 15 58 143 89 184 209 257 0
Day[3](161)    0 9 56 59 5 15 58 138 121 82 160 154 276 0
Day[4](166)    0 9 56 59 5 15 58 143 89 159 215 245 0
Day[5](163)    0 9 56 59 5 15 58 138 121 82 206 221 0
Truck 7: D = 425 Q = 170
Day[0](154)    0 29 34 18 26 20 61 19 118 133 120 194 238 0
Day[1](158)    0 29 34 18 26 20 61 19 97 87 125 159 201 182 0
Day[2](155)    0 29 34 18 26 20 61 19 118 133 120 192 216 246 0
Day[3](164)    0 29 34 18 26 20 61 19 97 87 125 166 211 279 0
Day[4](156)    0 29 34 18 26 20 61 19 118 133 120 196 236 0
Day[5](154)    0 29 34 18 26 20 61 19 97 87 125 184 198 0
Truck 8: D = 425 Q = 170
Day[0](159)    0 25 71 1 45 63 144 140 207 204 225 0
Day[1](165)    0 25 71 1 45 63 77 111 173 278 0
Day[2](150)    0 25 71 1 45 63 144 140 181 193 167 259 0
Day[3](159)    0 25 71 1 45 63 77 111 152 164 222 235 0
Day[4](154)    0 25 71 1 45 63 144 140 146 201 148 261 286 0
Day[5](157)    0 25 71 1 45 63 77 111 213 216 268 0
Truck 9: D = 425 Q = 170
Day[0](158)    0 46 14 38 22 48 3 114 137 84 158 183 0
Day[1](168)    0 46 14 38 22 48 3 123 92 81 196 202 254 0
Day[2](155)    0 46 14 38 22 48 3 114 137 84 155 162 0
Day[3](159)    0 46 14 38 22 48 3 123 92 81 194 218 252 0
Day[4](158)    0 46 14 38 22 48 3 114 137 84 205 153 210 0
Day[5](159)    0 46 14 38 22 48 3 123 92 81 192 162 0
Truck 10: D = 425 Q = 170
Day[0](160)    0 50 23 8 60 142 134 104 177 195 0
Day[1](162)    0 50 23 8 60 128 105 151 186 203 247 250 0
Day[2](165)    0 50 23 8 60 142 134 104 185 157 174 267 0
Day[3](159)    0 50 23 8 60 128 105 178 175 199 262 0
Day[4](157)    0 50 23 8 60 142 134 104 161 149 287 0
Day[5](156)    0 50 23 8 60 128 105 208 189 283 0
Truck 11: D = 425 Q = 170
Day[0](166)    0 52 44 17 67 21 43 108 139 106 102 147 175 242 0
Day[1](167)    0 52 44 17 67 21 43 86 91 130 161 156 260 0
Day[2](150)    0 52 44 17 67 21 43 108 139 106 102 198 264 0
Day[3](162)    0 52 44 17 67 21 43 86 91 130 177 183 0
Day[4](155)    0 52 44 17 67 21 43 108 139 106 102 150 269 241 0
Day[5](157)    0 52 44 17 67 21 43 86 91 130 185 209 224 0
Truck 12: D = 425 Q = 170
Day[0](156)    0 69 7 65 57 70 31 115 76 116 200 176 240 266 256 0
Day[1](162)    0 69 7 65 57 70 31 126 75 132 168 210 0
Day[2](153)    0 69 7 65 57 70 31 115 76 116 171 169 248 0
Day[3](159)    0 69 7 65 57 70 31 126 75 132 191 212 190 284 0
Day[4](161)    0 69 7 65 57 70 31 115 76 116 163 271 0
Day[5](167)    0 69 7 65 57 70 31 126 75 132 188 220 0


Preseller 1: D = 777 Q = 0
Day[0](2885.42*)    0 35 54 40 39 10 13 37 94 117 160 154 258 0
Day[1](2686.42*)    0 35 54 40 39 10 13 37 110 83 85 163 281 0
Day[2](2787.75*)    0 35 54 40 39 10 13 37 94 117 206 275 0
Day[3](2787.25*)    0 35 54 40 39 10 13 37 110 83 85 200 176 253 0
Day[4](2825.16*)    0 35 54 40 39 10 13 37 94 117 172 244 0
Day[5](2769.67*)    0 35 54 40 39 10 13 37 110 83 85 171 169 280 0
Preseller 2: D = 777 Q = 0
Day[0](2575.81*)    0 51 36 11 66 24 53 112 127 135 178 211 285 0
Day[1](2459.84*)    0 51 36 11 66 24 53 96 80 74 153 145 219 0
Day[2](2729.47*)    0 51 36 11 66 24 53 112 127 135 208 214 165 234 0
Day[3](2211.98*)    0 51 36 11 66 24 53 96 80 74 187 230 0
Day[4](2853.98*)    0 51 36 11 66 24 53 112 127 135 151 186 202 203 265 0
Day[5](2625.95*)    0 51 36 11 66 24 53 96 80 74 157 174 277 0
Preseller 3: D = 777 Q = 0
Day[0](2398.73*)    0 42 28 27 4 100 131 78 170 164 199 231 0
Day[1](2665.74*)    0 42 28 27 4 101 103 95 113 146 149 237 223 0
Day[2](2431.07*)    0 42 28 27 4 100 131 78 180 197 226 255 0
Day[3](2295.7*)    0 42 28 27 4 101 103 95 113 207 195 0
Day[4](2870.38*)    0 42 28 27 4 100 131 78 179 156 145 263 0
Day[5](2661.51*)    0 42 28 27 4 101 103 95 113 181 165 228 0
Preseller 4: D = 777 Q = 0
Day[0](2668.52*)    0 2 32 62 55 41 30 109 119 99 191 212 232 0
Day[1](2734.66*)    0 2 32 62 55 41 30 141 136 90 179 150 272 0
Day[2](2684.06*)    0 2 32 62 55 41 30 109 119 99 188 273 0
Day[3](2956.52*)    0 2 32 62 55 41 30 141 136 90 170 147 249 0
Day[4](2556.63*)    0 2 32 62 55 41 30 109 119 99 168 182 0
Day[5](2890.92*)    0 2 32 62 55 41 30 141 136 90 180 214 193 167 282 0
Preseller 5: D = 777 Q = 0
Day[0](3059.86*)    0 49 16 72 6 47 64 68 12 33 129 93 124 79 107 152 187 217 0
Day[1](3310.86*)    0 49 16 72 6 47 64 68 12 33 73 98 122 88 205 215 148 251 0
Day[2](3270.87*)    0 49 16 72 6 47 64 68 12 33 129 93 124 79 107 213 189 243 0
Day[3](3147.92*)    0 49 16 72 6 47 64 68 12 33 73 98 122 88 158 204 229 0
Day[4](3006.6*)    0 49 16 72 6 47 64 68 12 33 129 93 124 79 107 173 270 0
Day[5](3199.18*)    0 49 16 72 6 47 64 68 12 33 73 98 122 88 155 197 274 239 0
Preseller 6: D = 777 Q = 0
Day[0](2249.24*)    0 9 56 59 5 15 58 143 89 166 190 233 0
Day[1](2463.71*)    0 9 56 59 5 15 58 138 121 82 172 227 0
Day[2](2245.12*)    0 9 56 59 5 15 58 143 89 184 209 257 0
Day[3](2762.24*)    0 9 56 59 5 15 58 138 121 82 160 154 276 0
Day[4](2336.34*)    0 9 56 59 5 15 58 143 89 159 215 245 0
Day[5](2482.51*)    0 9 56 59 5 15 58 138 121 82 206 221 0
Preseller 7: D = 777 Q = 0
Day[0](2425.29*)    0 29 34 18 26 20 61 19 118 133 120 194 238 0
Day[1](2596.07*)    0 29 34 18 26 20 61 19 97 87 125 159 201 182 0
Day[2](2716.24*)    0 29 34 18 26 20 61 19 118 133 120 192 216 246 0
Day[3](2852.69*)    0 29 34 18 26 20 61 19 97 87 125 166 211 279 0
Day[4](2508.54*)    0 29 34 18 26 20 61 19 118 133 120 196 236 0
Day[5](2660.21*)    0 29 34 18 26 20 61 19 97 87 125 184 198 0
Preseller 8: D = 777 Q = 0
Day[0](2341.32*)    0 25 71 1 45 63 144 140 207 204 225 0
Day[1](2123.68*)    0 25 71 1 45 63 77 111 173 278 0
Day[2](2360.07*)    0 25 71 1 45 63 144 140 181 193 167 259 0
Day[3](2404.23*)    0 25 71 1 45 63 77 111 152 164 222 235 0
Day[4](2581.82*)    0 25 71 1 45 63 144 140 146 201 148 261 286 0
Day[5](2278.85*)    0 25 71 1 45 63 77 111 213 216 268 0
Preseller 9: D = 777 Q = 0
Day[0](2616.74*)    0 46 14 38 22 48 3 114 137 84 158 183 0
Day[1](2731.64*)    0 46 14 38 22 48 3 123 92 81 196 202 254 0
Day[2](2646.14*)    0 46 14 38 22 48 3 114 137 84 155 162 0
Day[3](2536.34*)    0 46 14 38 22 48 3 123 92 81 194 218 252 0
Day[4](2791.22*)    0 46 14 38 22 48 3 114 137 84 205 153 210 0
Day[5](2613.26*)    0 46 14 38 22 48 3 123 92 81 192 162 0
Preseller 10: D = 777 Q = 0
Day[0](2246.13*)    0 50 23 8 60 142 134 104 177 195 0
Day[1](2445.28*)    0 50 23 8 60 128 105 151 186 203 247 250 0
Day[2](2840.93*)    0 50 23 8 60 142 134 104 185 157 174 267 0
Day[3](2262.1*)    0 50 23 8 60 128 105 178 175 199 262 0
Day[4](2374.3*)    0 50 23 8 60 142 134 104 161 149 287 0
Day[5](2237.87*)    0 50 23 8 60 128 105 208 189 283 0
Preseller 11: D = 777 Q = 0
Day[0](2931.41*)    0 52 44 17 67 21 43 108 139 106 102 147 175 242 0
Day[1](3024.27*)    0 52 44 17 67 21 43 86 91 130 161 156 260 0
Day[2](2467.77*)    0 52 44 17 67 21 43 108 139 106 102 198 264 0
Day[3](2611.98*)    0 52 44 17 67 21 43 86 91 130 177 183 0
Day[4](2623.78*)    0 52 44 17 67 21 43 108 139 106 102 150 269 241 0
Day[5](2729.25*)    0 52 44 17 67 21 43 86 91 130 185 209 224 0
Preseller 12: D = 777 Q = 0
Day[0](2708.09*)    0 69 7 65 57 70 31 115 76 116 200 176 240 266 256 0
Day[1](2559.46*)    0 69 7 65 57 70 31 126 75 132 168 210 0
Day[2](2438.52*)    0 69 7 65 57 70 31 115 76 116 171 169 248 0
Day[3](2693.45*)    0 69 7 65 57 70 31 126 75 132 191 212 190 284 0
Day[4](2566.54*)    0 69 7 65 57 70 31 115 76 116 163 271 0
Day[5](2665.91*)    0 69 7 65 57 70 31 126 75 132 188 220 0
