Truck 1: D = 475 Q = 190
Day[0](162)    0 24 36 6 9 12 39 48 52 83 101 139 0
Day[1](159)    0 24 36 6 9 12 65 50 69 102 105 113 0
Day[2](171)    0 24 36 6 9 12 39 48 52 100 80 134 0
Day[3](164)    0 24 36 6 9 12 65 50 69 97 89 119 0
Day[4](167)    0 24 36 6 9 12 39 48 52 106 82 120 0
Day[5](161)    0 24 36 6 9 12 65 50 69 107 96 140 0
Truck 2: D = 475 Q = 190
Day[0](172)    0 28 19 10 16 3 4 44 68 51 90 103 127 0
Day[1](161)    0 28 19 10 16 3 4 63 46 53 66 92 84 117 0
Day[2](178)    0 28 19 10 16 3 4 44 68 51 81 109 0
Day[3](159)    0 28 19 10 16 3 4 63 46 53 66 93 86 112 0
Day[4](175)    0 28 19 10 16 3 4 44 68 51 104 91 131 0
Day[5](158)    0 28 19 10 16 3 4 63 46 53 66 77 94 130 0
Truck 3: D = 475 Q = 190
Day[0](160)    0 8 30 21 7 26 29 55 70 76 89 111 0
Day[1](160)    0 8 30 21 7 26 29 64 47 57 75 91 114 0
Day[2](169)    0 8 30 21 7 26 29 55 70 87 115 0
Day[3](156)    0 8 30 21 7 26 29 64 47 57 76 101 128 0
Day[4](173)    0 8 30 21 7 26 29 55 70 75 74 136 0
Day[5](160)    0 8 30 21 7 26 29 64 47 57 87 110 0
Truck 4: D = 475 Q = 190
Day[0](175)    0 32 34 23 22 18 58 61 40 42 93 95 138 0
Day[1](157)    0 32 34 23 22 18 43 72 38 106 82 137 0
Day[2](179)    0 32 34 23 22 18 58 61 40 42 77 88 143 0
Day[3](158)    0 32 34 23 22 18 43 72 38 83 90 103 126 0
Day[4](161)    0 32 34 23 22 18 58 61 40 42 92 78 135 0
Day[5](155)    0 32 34 23 22 18 43 72 38 100 88 0
Truck 5: D = 475 Q = 190
Day[0](165)    0 14 17 13 11 2 31 54 67 45 108 86 132 0
Day[1](155)    0 14 17 13 11 2 31 56 59 49 74 78 142 0
Day[2](180)    0 14 17 13 11 2 31 54 67 45 99 73 94 118 0
Day[3](165)    0 14 17 13 11 2 31 56 59 49 98 123 0
Day[4](162)    0 14 17 13 11 2 31 54 67 45 85 84 122 0
Day[5](173)    0 14 17 13 11 2 31 56 59 49 73 80 116 0
Truck 6: D = 475 Q = 190
Day[0](167)    0 1 33 20 27 15 35 5 25 41 60 62 97 98 121 0
Day[1](155)    0 1 33 20 27 15 35 5 25 71 37 85 104 133 0
Day[2](176)    0 1 33 20 27 15 35 5 25 41 60 62 107 96 79 141 0
Day[3](169)    0 1 33 20 27 15 35 5 25 71 37 108 95 125 0
Day[4](166)    0 1 33 20 27 15 35 5 25 41 60 62 102 105 129 0
Day[5](164)    0 1 33 20 27 15 35 5 25 71 37 99 81 79 124 0


Preseller 1: D = 448 Q = 0
Day[0](1659.83*)    0 24 36 6 9 12 39 48 52 83 101 139 0
Day[1](1716.31*)    0 24 36 6 9 12 65 50 69 102 105 113 0
Day[2](1647.85*)    0 24 36 6 9 12 39 48 52 100 80 134 0
Day[3](1613.71*)    0 24 36 6 9 12 65 50 69 97 89 119 0
Day[4](1804.29*)    0 24 36 6 9 12 39 48 52 106 82 120 0
Day[5](1637.26*)    0 24 36 6 9 12 65 50 69 107 96 140 0
Preseller 2: D = 448 Q = 0
Day[0](1599.1*)    0 28 19 10 16 3 4 44 68 51 90 103 127 0
Day[1](1718.94*)    0 28 19 10 16 3 4 63 46 53 66 92 84 117 0
Day[2](1699.2*)    0 28 19 10 16 3 4 44 68 51 81 109 0
Day[3](1607.99*)    0 28 19 10 16 3 4 63 46 53 66 93 86 112 0
Day[4](1615.58*)    0 28 19 10 16 3 4 44 68 51 104 91 131 0
Day[5](1604.71*)    0 28 19 10 16 3 4 63 46 53 66 77 94 130 0
Preseller 3: D = 448 Q = 0
Day[0](1657.58*)    0 8 30 21 7 26 29 55 70 76 89 111 0
Day[1](1951.2*)    0 8 30 21 7 26 29 64 47 57 75 91 114 0
Day[2](1645.9*)    0 8 30 21 7 26 29 55 70 87 115 0
Day[3](1985.43*)    0 8 30 21 7 26 29 64 47 57 76 101 128 0
Day[4](1903.15*)    0 8 30 21 7 26 29 55 70 75 74 136 0
Day[5](1875.3*)    0 8 30 21 7 26 29 64 47 57 87 110 0
Preseller 4: D = 448 Q = 0
Day[0](1854.97*)    0 32 34 23 22 18 58 61 40 42 93 95 138 0
Day[1](1607.86*)    0 32 34 23 22 18 43 72 38 106 82 137 0
Day[2](1707.41*)    0 32 34 23 22 18 58 61 40 42 77 88 143 0
Day[3](1759.3*)    0 32 34 23 22 18 43 72 38 83 90 103 126 0
Day[4](1819.13*)    0 32 34 23 22 18 58 61 40 42 92 78 135 0
Day[5](1534.05*)    0 32 34 23 22 18 43 72 38 100 88 0
Preseller 5: D = 448 Q = 0
Day[0](1798.32*)    0 14 17 13 11 2 31 54 67 45 108 86 132 0
Day[1](1702.45*)    0 14 17 13 11 2 31 56 59 49 74 78 142 0
Day[2](2003.29*)    0 14 17 13 11 2 31 54 67 45 99 73 94 118 0
Day[3](1741.27*)    0 14 17 13 11 2 31 56 59 49 98 123 0
Day[4](1782.92*)    0 14 17 13 11 2 31 54 67 45 85 84 122 0
Day[5](1646.04*)    0 14 17 13 11 2 31 56 59 49 73 80 116 0
Preseller 6: D = 448 Q = 0
Day[0](1837.84*)    0 1 33 20 27 15 35 5 25 41 60 62 97 98 121 0
Day[1](1796.72*)    0 1 33 20 27 15 35 5 25 71 37 85 104 133 0
Day[2](2066.47*)    0 1 33 20 27 15 35 5 25 41 60 62 107 96 79 141 0
Day[3](1779.45*)    0 1 33 20 27 15 35 5 25 71 37 108 95 125 0
Day[4](2050.74*)    0 1 33 20 27 15 35 5 25 41 60 62 102 105 129 0
Day[5](1844.75*)    0 1 33 20 27 15 35 5 25 71 37 99 81 79 124 0
