Truck 1: D = 450 Q = 180
Day[0](145)    0 19 9 21 26 43 31 7 64 104 85 119 136 128 0
Day[1](145)    0 19 9 21 26 43 31 7 108 99 103 118 174 203 0
Day[2](153)    0 19 9 21 26 43 31 7 64 104 85 109 134 184 0
Day[3](153)    0 19 9 21 26 43 31 7 108 99 103 123 175 0
Day[4](155)    0 19 9 21 26 43 31 7 64 104 85 157 154 204 0
Day[5](137)    0 19 9 21 26 43 31 7 108 99 103 149 147 181 0
Truck 2: D = 450 Q = 180
Day[0](151)    0 51 50 13 38 25 10 57 65 71 100 95 137 153 215 0
Day[1](156)    0 51 50 13 38 25 10 59 76 56 138 154 170 0
Day[2](145)    0 51 50 13 38 25 10 57 65 71 100 95 152 145 207 209 0
Day[3](160)    0 51 50 13 38 25 10 59 76 56 139 136 130 196 0
Day[4](151)    0 51 50 13 38 25 10 57 65 71 100 95 116 132 179 0
Day[5](146)    0 51 50 13 38 25 10 59 76 56 156 134 212 0
Truck 3: D = 450 Q = 180
Day[0](154)    0 29 5 11 20 35 17 80 83 81 55 139 123 180 0
Day[1](151)    0 29 5 11 20 35 17 98 102 91 113 177 0
Day[2](148)    0 29 5 11 20 35 17 80 83 81 55 156 167 0
Day[3](152)    0 29 5 11 20 35 17 98 102 91 124 111 163 0
Day[4](151)    0 29 5 11 20 35 17 80 83 81 55 138 160 171 0
Day[5](148)    0 29 5 11 20 35 17 98 102 91 145 150 193 0
Truck 4: D = 450 Q = 180
Day[0](143)    0 23 45 28 47 2 67 88 62 148 115 199 0
Day[1](146)    0 23 45 28 47 2 89 63 60 157 141 0
Day[2](152)    0 23 45 28 47 2 67 88 62 161 125 129 0
Day[3](144)    0 23 45 28 47 2 89 63 60 119 117 188 0
Day[4](149)    0 23 45 28 47 2 67 88 62 126 159 183 189 0
Day[5](144)    0 23 45 28 47 2 89 63 60 109 110 200 0
Truck 5: D = 450 Q = 180
Day[0](145)    0 8 54 32 18 3 22 74 93 69 120 111 191 0
Day[1](152)    0 8 54 32 18 3 22 90 86 66 92 135 132 176 0
Day[2](150)    0 8 54 32 18 3 22 74 93 69 133 162 164 0
Day[3](143)    0 8 54 32 18 3 22 90 86 66 92 127 128 172 0
Day[4](161)    0 8 54 32 18 3 22 74 93 69 113 146 155 173 0
Day[5](150)    0 8 54 32 18 3 22 90 86 66 92 140 202 0
Truck 6: D = 450 Q = 180
Day[0](150)    0 39 16 24 40 46 33 75 72 151 142 206 0
Day[1](145)    0 39 16 24 40 46 33 94 106 126 159 187 0
Day[2](146)    0 39 16 24 40 46 33 75 72 158 147 211 0
Day[3](157)    0 39 16 24 40 46 33 94 106 148 153 208 0
Day[4](162)    0 39 16 24 40 46 33 75 72 143 131 210 0
Day[5](147)    0 39 16 24 40 46 33 94 106 161 133 205 0
Truck 7: D = 450 Q = 180
Day[0](146)    0 4 37 6 15 1 44 96 107 117 168 0
Day[1](154)    0 4 37 6 15 1 44 87 79 61 143 131 155 166 0
Day[2](145)    0 4 37 6 15 1 44 96 107 149 112 185 0
Day[3](151)    0 4 37 6 15 1 44 87 79 61 151 142 115 186 0
Day[4](166)    0 4 37 6 15 1 44 96 107 118 213 0
Day[5](137)    0 4 37 6 15 1 44 87 79 61 158 112 198 0
Truck 8: D = 450 Q = 180
Day[0](142)    0 48 53 12 36 30 14 105 58 101 127 130 178 169 0
Day[1](159)    0 48 53 12 36 30 14 97 84 82 70 116 160 194 0
Day[2](151)    0 48 53 12 36 30 14 105 58 101 140 150 192 0
Day[3](156)    0 48 53 12 36 30 14 97 84 82 70 137 214 0
Day[4](150)    0 48 53 12 36 30 14 105 58 101 135 141 0
Day[5](148)    0 48 53 12 36 30 14 97 84 82 70 152 129 0
Truck 9: D = 450 Q = 180
Day[0](143)    0 27 49 34 52 42 41 73 78 144 124 190 0
Day[1](154)    0 27 49 34 52 42 41 68 77 122 114 146 165 0
Day[2](161)    0 27 49 34 52 42 41 73 78 121 110 182 0
Day[3](158)    0 27 49 34 52 42 41 68 77 144 120 195 0
Day[4](152)    0 27 49 34 52 42 41 73 78 122 114 201 0
Day[5](137)    0 27 49 34 52 42 41 68 77 121 125 162 197 0


Preseller 1: D = 549 Q = 0
Day[0](2378.21*)    0 19 9 21 26 43 31 7 64 104 85 119 136 128 0
Day[1](2129.01*)    0 19 9 21 26 43 31 7 108 99 103 118 174 203 0
Day[2](2464.61*)    0 19 9 21 26 43 31 7 64 104 85 109 134 184 0
Day[3](2197.13*)    0 19 9 21 26 43 31 7 108 99 103 123 175 0
Day[4](2507.61*)    0 19 9 21 26 43 31 7 64 104 85 157 154 204 0
Day[5](2202.46*)    0 19 9 21 26 43 31 7 108 99 103 149 147 181 0
Preseller 2: D = 549 Q = 0
Day[0](2271.56*)    0 51 50 13 38 25 10 57 65 71 100 95 137 153 215 0
Day[1](2158.4*)    0 51 50 13 38 25 10 59 76 56 138 154 170 0
Day[2](2359.18*)    0 51 50 13 38 25 10 57 65 71 100 95 152 145 207 209 0
Day[3](2233.05*)    0 51 50 13 38 25 10 59 76 56 139 136 130 196 0
Day[4](2259.41*)    0 51 50 13 38 25 10 57 65 71 100 95 116 132 179 0
Day[5](2065.67*)    0 51 50 13 38 25 10 59 76 56 156 134 212 0
Preseller 3: D = 549 Q = 0
Day[0](2433.92*)    0 29 5 11 20 35 17 80 83 81 55 139 123 180 0
Day[1](2360.16*)    0 29 5 11 20 35 17 98 102 91 113 177 0
Day[2](2502.6*)    0 29 5 11 20 35 17 80 83 81 55 156 167 0
Day[3](2440.07*)    0 29 5 11 20 35 17 98 102 91 124 111 163 0
Day[4](2509.23*)    0 29 5 11 20 35 17 80 83 81 55 138 160 171 0
Day[5](2351.16*)    0 29 5 11 20 35 17 98 102 91 145 150 193 0
Preseller 4: D = 549 Q = 0
Day[0](2066.82*)    0 23 45 28 47 2 67 88 62 148 115 199 0
Day[1](1791.98*)    0 23 45 28 47 2 89 63 60 157 141 0
Day[2](1981.12*)    0 23 45 28 47 2 67 88 62 161 125 129 0
Day[3](1897.64*)    0 23 45 28 47 2 89 63 60 119 117 188 0
Day[4](2062.4*)    0 23 45 28 47 2 67 88 62 126 159 183 189 0
Day[5](1971.87*)    0 23 45 28 47 2 89 63 60 109 110 200 0
Preseller 5: D = 549 Q = 0
Day[0](1948.84*)    0 8 54 32 18 3 22 74 93 69 120 111 191 0
Day[1](2345.48*)    0 8 54 32 18 3 22 90 86 66 92 135 132 176 0
Day[2](1991.01*)    0 8 54 32 18 3 22 74 93 69 133 162 164 0
Day[3](2170.33*)    0 8 54 32 18 3 22 90 86 66 92 127 128 172 0
Day[4](2184.81*)    0 8 54 32 18 3 22 74 93 69 113 146 155 173 0
Day[5](2254.71*)    0 8 54 32 18 3 22 90 86 66 92 140 202 0
Preseller 6: D = 549 Q = 0
Day[0](1881.18*)    0 39 16 24 40 46 33 75 72 151 142 206 0
Day[1](1831.77*)    0 39 16 24 40 46 33 94 106 126 159 187 0
Day[2](1810.73*)    0 39 16 24 40 46 33 75 72 158 147 211 0
Day[3](2059.26*)    0 39 16 24 40 46 33 94 106 148 153 208 0
Day[4](2032.28*)    0 39 16 24 40 46 33 75 72 143 131 210 0
Day[5](1962.67*)    0 39 16 24 40 46 33 94 106 161 133 205 0
Preseller 7: D = 549 Q = 0
Day[0](1655.06*)    0 4 37 6 15 1 44 96 107 117 168 0
Day[1](2306.18*)    0 4 37 6 15 1 44 87 79 61 143 131 155 166 0
Day[2](1858.86*)    0 4 37 6 15 1 44 96 107 149 112 185 0
Day[3](2069.97*)    0 4 37 6 15 1 44 87 79 61 151 142 115 186 0
Day[4](1662.05*)    0 4 37 6 15 1 44 96 107 118 213 0
Day[5](1918.93*)    0 4 37 6 15 1 44 87 79 61 158 112 198 0
Preseller 8: D = 549 Q = 0
Day[0](2342.23*)    0 48 53 12 36 30 14 105 58 101 127 130 178 169 0
Day[1](2631.09*)    0 48 53 12 36 30 14 97 84 82 70 116 160 194 0
Day[2](2257.6*)    0 48 53 12 36 30 14 105 58 101 140 150 192 0
Day[3](2633.15*)    0 48 53 12 36 30 14 97 84 82 70 137 214 0
Day[4](2166.83*)    0 48 53 12 36 30 14 105 58 101 135 141 0
Day[5](2341.51*)    0 48 53 12 36 30 14 97 84 82 70 152 129 0
Preseller 9: D = 549 Q = 0
Day[0](2119.71*)    0 27 49 34 52 42 41 73 78 144 124 190 0
Day[1](2274.43*)    0 27 49 34 52 42 41 68 77 122 114 146 165 0
Day[2](2179.33*)    0 27 49 34 52 42 41 73 78 121 110 182 0
Day[3](2065.94*)    0 27 49 34 52 42 41 68 77 144 120 195 0
Day[4](2166.61*)    0 27 49 34 52 42 41 73 78 122 114 201 0
Day[5](2209.85*)    0 27 49 34 52 42 41 68 77 121 125 162 197 0
