Truck 1: D = 0 Q = 140
Day[0](109)    0 4 66 43 59 0
Day[1](108)    0 4 66 10 41 0
Day[2](146*)    0 4 66 24 43 20 22 0
Day[3](108)    0 4 66 10 19 0
Day[4](105)    0 4 66 8 68 13 0
Truck 2: D = 0 Q = 140
Day[0](104)    0 21 11 27 20 0
Day[1](110)    0 21 11 17 31 0
Day[2](140)    0 21 11 30 38 1 63 0
Day[3](110)    0 21 11 17 31 0
Day[4](99)    0 21 11 38 74 0
Truck 3: D = 0 Q = 140
Day[0](107)    0 40 2 24 35 70 0
Day[1](108)    0 40 46 33 37 55 0
Day[2](138)    0 40 2 53 27 39 59 0
Day[3](106)    0 40 46 33 29 23 0
Day[4](106)    0 40 34 53 47 18 0
Truck 4: D = 0 Q = 140
Day[0](106)    0 67 64 58 26 65 0
Day[1](107)    0 67 64 45 12 36 0
Day[2](146*)    0 67 64 34 48 8 16 57 0
Day[3](109)    0 67 64 45 12 25 0
Day[4](99)    0 67 64 30 16 0
Truck 5: D = 0 Q = 140
Day[0](100)    0 32 14 56 51 71 0
Day[1](105)    0 32 14 5 44 15 0
Day[2](142*)    0 32 14 6 56 26 7 49 0
Day[3](110)    0 32 14 5 44 60 0
Day[4](98)    0 32 14 50 54 72 0
Truck 6: D = 0 Q = 140
Day[0](104)    0 28 9 6 39 3 0
Day[1](110)    0 28 9 52 62 61 0
Day[2](144*)    0 28 9 58 50 47 54 69 0
Day[3](106)    0 28 9 52 62 42 0
Day[4](102)    0 28 9 48 1 73 0


Preseller 1: D = 222 Q = 0
Day[0](373.268*)    0 4 66 43 59 0
Day[1](316.432*)    0 4 66 10 41 0
Day[2](486.664*)    0 4 66 24 43 20 22 0
Day[3](293.421*)    0 4 66 10 19 0
Day[4](354.934*)    0 4 66 8 68 13 0
Preseller 2: D = 222 Q = 0
Day[0](352.271*)    0 21 11 27 20 0
Day[1](348.922*)    0 21 11 17 31 0
Day[2](521.302*)    0 21 11 30 38 1 63 0
Day[3](348.922*)    0 21 11 17 31 0
Day[4](342.037*)    0 21 11 38 74 0
Preseller 3: D = 222 Q = 0
Day[0](436.421*)    0 40 2 24 35 70 0
Day[1](443.892*)    0 40 46 33 37 55 0
Day[2](518.509*)    0 40 2 53 27 39 59 0
Day[3](419.014*)    0 40 46 33 29 23 0
Day[4](408.502*)    0 40 34 53 47 18 0
Preseller 4: D = 222 Q = 0
Day[0](355.102*)    0 67 64 58 26 65 0
Day[1](391.026*)    0 67 64 45 12 36 0
Day[2](536.704*)    0 67 64 34 48 8 16 57 0
Day[3](367.041*)    0 67 64 45 12 25 0
Day[4](287.185*)    0 67 64 30 16 0
Preseller 5: D = 222 Q = 0
Day[0](419.17*)    0 32 14 56 51 71 0
Day[1](423.613*)    0 32 14 5 44 15 0
Day[2](542.392*)    0 32 14 6 56 26 7 49 0
Day[3](433.627*)    0 32 14 5 44 60 0
Day[4](401.75*)    0 32 14 50 54 72 0
Preseller 6: D = 222 Q = 0
Day[0](382.074*)    0 28 9 6 39 3 0
Day[1](383.679*)    0 28 9 52 62 61 0
Day[2](533.491*)    0 28 9 58 50 47 54 69 0
Day[3](393.603*)    0 28 9 52 62 42 0
Day[4](363.76*)    0 28 9 48 1 73 0
