Truck 1: D = 0 Q = 140
Day[0](103)    0 45 17 8 37 41 63 23 0
Day[1](141*)    0 40 28 43 64 22 18 69 0
Day[2](134)    0 9 33 5 16 57 61 65 0
Day[3](103)    0 30 1 48 27 68 35 73 0
Day[4](140)    0 46 10 20 29 31 54 70 0
Day[5](127)    0 21 47 44 39 7 59 15 0
Day[6](144*)    0 11 6 53 26 38 74 60 72 0
Day[7](136)    0 67 34 24 50 51 13 42 71 0
Day[8](162*)    0 2 14 66 62 12 19 25 49 0
Day[9](154*)    0 4 32 52 56 58 3 36 55 0


Preseller 1: D = 439 Q = 0
Day[0](434.127)    0 45 17 8 37 41 63 23 0
Day[1](451.838*)    0 40 28 43 64 22 18 69 0
Day[2](529.771*)    0 9 33 5 16 57 61 65 0
Day[3](453.76*)    0 30 1 48 27 68 35 73 0
Day[4](519.614*)    0 46 10 20 29 31 54 70 0
Day[5](472.117*)    0 21 47 44 39 7 59 15 0
Day[6](570.118*)    0 11 6 53 26 38 74 60 72 0
Day[7](548.793*)    0 67 34 24 50 51 13 42 71 0
Day[8](583.226*)    0 2 14 66 62 12 19 25 49 0
Day[9](682.859*)    0 4 32 52 56 58 3 36 55 0
