Truck 1: D = 0 Q = 200
Day[0](170)    0 59 31 14 66 51 67 65 70 15 17 0
Day[1](190)    0 94 68 39 54 45 32 1 71 80 41 24 0
Truck 2: D = 0 Q = 200
Day[0](171)    0 87 93 44 27 61 75 21 19 84 38 43 0
Day[1](188)    0 85 12 79 47 82 3 10 40 74 29 25 91 0
Truck 3: D = 0 Q = 200
Day[0](172)    0 95 58 30 22 53 50 76 18 57 52 73 8 64 0
Day[1](188)    0 13 48 89 97 26 9 98 96 34 11 20 42 7 92 46 0
Truck 4: D = 0 Q = 200
Day[0](171)    0 81 16 72 4 99 28 83 37 88 63 35 6 78 90 55 0
Day[1](191)    0 86 5 62 23 77 49 33 2 69 60 56 36 0


Preseller 1: D = 869 Q = 0
Day[0](980.7*)    0 59 31 14 66 51 67 65 70 15 17 0
Day[1](965.225*)    0 94 68 39 54 45 32 1 71 80 41 24 0
Preseller 2: D = 869 Q = 0
Day[0](935.79*)    0 87 93 44 27 61 75 21 19 84 38 43 0
Day[1](1007.42*)    0 85 12 79 47 82 3 10 40 74 29 25 91 0
Preseller 3: D = 869 Q = 0
Day[0](1088.42*)    0 95 58 30 22 53 50 76 18 57 52 73 8 64 0
Day[1](1269.36*)    0 13 48 89 97 26 9 98 96 34 11 20 42 7 92 46 0
Preseller 4: D = 869 Q = 0
Day[0](1172*)    0 81 16 72 4 99 28 83 37 88 63 35 6 78 90 55 0
Day[1](1075.89*)    0 86 5 62 23 77 49 33 2 69 60 56 36 0
