Truck 1: D = 0 Q = 200
Day[0](143)    0 94 86 23 30 22 37 70 0
Day[1](145)    0 94 86 23 16 76 71 80 91 0
Day[2](198)    0 94 86 23 95 54 10 19 11 52 73 25 0
Day[3](147)    0 94 86 23 16 76 71 88 0
Day[4](148)    0 94 86 23 27 82 67 0
Truck 2: D = 0 Q = 200
Day[0](143)    0 85 39 93 28 53 9 78 0
Day[1](148)    0 85 39 13 61 32 40 35 0
Day[2](195)    0 85 39 93 97 27 62 82 50 67 0
Day[3](149)    0 85 39 13 61 32 99 20 0
Day[4](147)    0 85 39 72 62 75 42 43 46 0
Truck 3: D = 0 Q = 200
Day[0](145)    0 68 31 49 12 3 65 0
Day[1](146)    0 68 31 49 4 26 34 90 0
Day[2](196)    0 68 31 49 44 28 58 3 96 9 69 41 0
Day[3](146)    0 68 31 49 4 26 34 6 0
Day[4](147)    0 68 31 49 54 19 38 24 0
Truck 4: D = 0 Q = 200
Day[0](144)    0 87 48 47 44 77 21 57 7 0
Day[1](150)    0 87 48 47 79 83 33 84 64 0
Day[2](196)    0 87 48 47 14 12 77 22 21 38 8 0
Day[3](146)    0 87 48 47 79 83 33 98 92 0
Day[4](148)    0 87 48 47 97 10 96 1 63 0
Truck 5: D = 0 Q = 200
Day[0](142)    0 59 5 81 14 18 50 2 15 55 0
Day[1](145)    0 59 5 81 89 66 45 29 0
Day[2](195)    0 59 5 81 72 30 18 53 75 65 60 17 0
Day[3](149)    0 59 5 81 89 66 45 74 36 0
Day[4](146)    0 59 5 81 95 58 11 51 56 0


Preseller 1: D = 378 Q = 0
Day[0](828.438*)    0 94 86 23 30 22 37 70 0
Day[1](885.65*)    0 94 86 23 16 76 71 80 91 0
Day[2](1098.89*)    0 94 86 23 95 54 10 19 11 52 73 25 0
Day[3](837.742*)    0 94 86 23 16 76 71 88 0
Day[4](764.786*)    0 94 86 23 27 82 67 0
Preseller 2: D = 378 Q = 0
Day[0](710.587*)    0 85 39 93 28 53 9 78 0
Day[1](847.829*)    0 85 39 13 61 32 40 35 0
Day[2](971.738*)    0 85 39 93 97 27 62 82 50 67 0
Day[3](862.27*)    0 85 39 13 61 32 99 20 0
Day[4](763.6*)    0 85 39 72 62 75 42 43 46 0
Preseller 3: D = 378 Q = 0
Day[0](616.174*)    0 68 31 49 12 3 65 0
Day[1](693.043*)    0 68 31 49 4 26 34 90 0
Day[2](1050*)    0 68 31 49 44 28 58 3 96 9 69 41 0
Day[3](714.158*)    0 68 31 49 4 26 34 6 0
Day[4](756.625*)    0 68 31 49 54 19 38 24 0
Preseller 4: D = 378 Q = 0
Day[0](767.562*)    0 87 48 47 44 77 21 57 7 0
Day[1](813.899*)    0 87 48 47 79 83 33 84 64 0
Day[2](960.038*)    0 87 48 47 14 12 77 22 21 38 8 0
Day[3](775.941*)    0 87 48 47 79 83 33 98 92 0
Day[4](783.617*)    0 87 48 47 97 10 96 1 63 0
Preseller 5: D = 378 Q = 0
Day[0](864.609*)    0 59 5 81 14 18 50 2 15 55 0
Day[1](807.607*)    0 59 5 81 89 66 45 29 0
Day[2](1078.33*)    0 59 5 81 72 30 18 53 75 65 60 17 0
Day[3](867.021*)    0 59 5 81 89 66 45 74 36 0
Day[4](785.705*)    0 59 5 81 95 58 11 51 56 0
