Truck 1: D = 0 Q = 200
Day[0](181)    0 68 44 23 77 89 10 67 73 8 60 41 17 0
Day[1](148)    0 13 30 58 75 76 1 71 84 20 15 6 90 0
Day[2](189)    0 86 79 39 32 97 66 2 57 88 74 56 24 0
Day[3](173)    0 5 14 28 53 62 54 33 21 11 38 7 36 0
Day[4](159)    0 87 95 81 61 83 96 37 9 52 69 43 25 0
Day[5](187)    0 59 72 4 26 12 3 50 45 34 35 70 64 46 0
Day[6](192)    0 94 93 47 16 98 22 49 18 40 29 42 92 55 0
Day[7](212*)    0 85 48 31 82 99 27 19 51 65 63 80 78 91 0


Preseller 1: D = 854 Q = 0
Day[0](1003.09*)    0 68 44 23 77 89 10 67 73 8 60 41 17 0
Day[1](1015.08*)    0 13 30 58 75 76 1 71 84 20 15 6 90 0
Day[2](1082.77*)    0 86 79 39 32 97 66 2 57 88 74 56 24 0
Day[3](1041.89*)    0 5 14 28 53 62 54 33 21 11 38 7 36 0
Day[4](1053.35*)    0 87 95 81 61 83 96 37 9 52 69 43 25 0
Day[5](1026.87*)    0 59 72 4 26 12 3 50 45 34 35 70 64 46 0
Day[6](1132.27*)    0 94 93 47 16 98 22 49 18 40 29 42 92 55 0
Day[7](1178.92*)    0 85 48 31 82 99 27 19 51 65 63 80 78 91 0
